ID row col Width ALBST
L6_1110 167.0105091 144.4600281 0.001697006 -1
L6_1111 170.6543748 138.8499299 -0.002028144 -0.99744
L6_1169 170.0470639 150.4207574 0.004910998 -0.9968
L6_1170 173.6909295 144.8106592 0.001175583 -0.99552
L6_1171 177.3347952 139.200561 -0.002441063 -0.99296
L6_1230 176.7274842 150.7713885 0.004571232 -0.99168
L6_1231 180.3713499 145.1612903 0.0007803 -0.99104
L6_1232 184.0152155 139.5511921 -0.002920431 -0.98848
L6_1293 183.4079046 151.1220196 0.003936375 -0.98784
L6_1294 187.0517702 145.5119215 -0.000314123 -0.98592
L6_1295 190.6956359 139.9018233 -0.003928144 -0.98336
L6_1357 190.088325 151.4726508 0.002921357 -0.98272
L6_1358 193.7321906 145.8625526 -0.000747872 -0.9808
L6_1423 196.7687453 151.8232819 0.002451372 -0.97888
L6_1424 200.412611 146.2131837 -0.001173656 -0.97632
L6_1490 203.4491657 152.173913 0.002686727 -0.9744
L6_1491 207.0930313 146.5638149 -0.000921085 -0.9712
L6_1558 210.1295861 152.5245442 0.00201084 -0.968
L6_1559 213.7734517 146.914446 -0.00198007 -0.96672
L6_1628 216.8100064 152.8751753 0.001421372 -0.96352
L6_1629 220.4538721 147.2650771 -0.002407936 -0.96224
L6_1699 223.4904268 153.2258065 0.000844975 -0.96032
L6_1700 227.1342924 147.6157083 -0.002807263 -0.95648
L6_1771 226.5269815 159.1865358 0.004264007 -0.9552
L6_1772 230.1708471 153.5764376 0.000384783 -0.95456
L6_1773 233.8147128 147.9663394 -0.003690994 -0.95392
L6_1845 233.2074019 159.5371669 0.003122209 -0.95136
L6_1846 236.8512675 153.9270687 0.000693242 -0.95008
L6_1921 239.8878222 159.887798 0.002489226 -0.94752
L6_1922 243.5316879 154.2776999 -0.001475111 -0.94624
L6_1998 246.5682426 160.2384292 0.002090934 -0.9424
L6_1999 250.2121082 154.628331 -0.002075637 -0.94176
L6_2077 253.248663 160.5890603 0.001029375 -0.93856
L6_2078 256.8925286 154.9789621 -0.002574383 -0.93536
L6_2156 256.2852177 166.5497896 0.004537676 -0.93408
L6_2157 259.9290833 160.9396914 0.000603113 -0.93344
L6_2158 263.572949 155.3295933 -0.003154029 -0.93216
L6_2239 262.965638 166.9004208 0.003776333 -0.93152
L6_2240 266.6095037 161.2903226 0.000311421 -0.92896
L6_2241 270.2533693 155.6802244 -0.003497876 -0.92704
L6_2323 269.6460584 167.2510519 0.003368299 -0.9264
L6_2324 273.2899241 161.6409537 -0.000856935 -0.92512
L6_2325 276.9337897 156.0308555 -0.004460454 -0.92128
L6_2407 272.6826131 173.2117812 0.006538696 -0.92448
L6_2408 276.3264788 167.601683 0.00295248 -0.92256
L6_2409 279.9703444 161.9915849 -0.00089565 -0.92
L6_2410 283.6142101 156.3814867 -0.004891669 -0.91744
L6_2493 275.7191678 179.1725105 0.010089506 -0.91936
L6_2494 279.3630335 173.5624123 0.006133506 -0.91936
L6_2495 283.0068991 167.9523142 0.001993516 -0.9168
L6_2496 286.6507648 162.342216 0.001715604 -0.91488
L6_2497 290.2946304 156.7321178 -0.005355922 -0.91296
L6_2583 289.6873195 168.3029453 0.001487408 -0.91232
L6_2584 293.3311852 162.6928471 -0.002281608 -0.91104
L6_2585 296.9750508 157.0827489 -0.006347061 -0.9072
L6_2672 292.7238742 174.2636746 0.00465211 -0.9104
L6_2673 296.3677399 168.6535764 0.001084143 -0.90784
L6_2674 300.0116055 163.0434783 -0.003172183 -0.90528
L6_2675 303.6554712 157.4333801 -0.006972916 -0.90464
L6_2763 299.4042946 174.6143058 0.003958601 -0.904
L6_2764 303.0481602 169.0042076 3.094E-05 -0.90336
L6_2765 306.6920259 163.3941094 -0.00359318 -0.90016
L6_2766 310.3358915 157.7840112 -0.007332255 -0.89952
L6_2856 306.0847149 174.9649369 0.003684838 -0.89888
L6_2857 309.7285806 169.3548387 -0.000447955 -0.89824
L6_2858 313.3724463 163.7447405 -0.004098593 -0.89696
L6_2950 312.7651353 175.315568 0.002766051 -0.89632
L6_2951 316.409001 169.7054698 -0.000868867 -0.8944
L6_2952 320.0528666 164.0953717 -0.004419092 -0.8912
L6_3046 319.4455557 175.6661992 0.002999951 -0.89184
L6_3047 323.0894213 170.056101 -0.0006068 -0.88928
L6_3048 326.733287 164.4460028 -0.00419803 -0.88672
L6_3143 326.125976 176.0168303 0.003211783 -0.88736
L6_3144 329.7698417 170.4067321 -0.000407263 -0.88416
L6_3145 333.4137073 164.7966339 -0.004531595 -0.88416
L6_3242 332.8063964 176.3674614 0.002286555 -0.8816
L6_3243 336.4502621 170.7573633 0.00146393 -0.88032
L6_3244 340.0941277 165.1472651 -0.005074298 -0.87776
L6_3342 339.4868168 176.7180926 0.001770313 -0.87712
L6_3343 343.1306824 171.1079944 -0.001852772 -0.8752
L6_3344 346.7745481 165.4978962 -0.00546388 -0.87264
L6_3422 269.6460584 294.8807854 -0.004323323 0.47712
L6_3423 273.2899241 289.2706872 -0.003844935 0.4816
L6_3424 276.9337897 283.6605891 -0.004269187 0.48544
L6_3442 342.5233715 182.6788219 0.005562816 -0.8752
L6_3443 346.1672371 177.0687237 0.00142723 -0.872
L6_3444 349.8111028 171.4586255 -0.002325167 -0.87072
L6_3521 261.7510162 317.6718093 -0.001454594 0.46304
L6_3522 265.3948818 312.0617111 0.001189917 0.46624
L6_3523 269.0387475 306.4516129 -0.000708274 0.47072
L6_3524 272.6826131 300.8415147 -0.000849207 0.47584
L6_3525 276.3264788 295.2314165 -0.000455788 0.48032
L6_3526 279.9703444 289.6213184 -0.000702133 0.48416
L6_3527 283.6142101 284.0112202 -0.000679281 0.488
L6_3528 287.2580757 278.401122 -0.00151326 0.49248
L6_3529 290.9019414 272.7910238 -0.001949788 0.49632
L6_3530 294.545807 267.1809257 -0.002853469 0.5008
L6_3531 298.1896727 261.5708275 -0.003739274 0.50464
L6_3532 301.8335383 255.9607293 -0.005096727 0.50976
L6_3545 349.2037918 183.029453 0.004527617 -0.87008
L6_3546 352.8476575 177.4193548 0.000913605 -0.86816
L6_3547 356.4915232 171.8092567 -0.002700461 -0.8656
L6_3623 261.1437052 329.2426367 -0.000569605 0.456
L6_3624 264.7875709 323.6325386 0.001160052 0.46048
L6_3625 268.4314365 318.0224404 0.002291534 0.46368
L6_3626 272.0753022 312.4123422 0.002501481 0.4688
L6_3627 275.7191678 306.802244 0.002435013 0.47264
L6_3628 279.3630335 301.1921459 0.002569223 0.47776
L6_3629 283.0068991 295.5820477 0.002993155 0.48288
L6_3630 286.6507648 289.9719495 0.00265555 0.48608
L6_3631 290.2946304 284.3618513 0.002594403 0.49056
L6_3632 293.9384961 278.7517532 0.001672153 0.49504
L6_3633 297.5823617 273.141655 0.00082023 0.49952
L6_3634 301.2262274 267.5315568 0.000332934 0.50336
L6_3635 304.8700931 261.9214586 -0.0009997 0.50784
L6_3636 308.5139587 256.3113604 -0.001966071 0.51168
L6_3649 355.8842122 183.3800842 0.004723835 -0.8656
L6_3650 359.5280779 177.769986 0.001172364 -0.86304
L6_3651 363.1719435 172.1598878 -0.002460134 -0.86048
L6_3727 260.5363943 340.8134642 0.000363458 0.44832
L6_3728 264.1802599 335.2033661 0.002039524 0.45216
L6_3729 267.8241256 329.5932679 0.003505262 0.45728
L6_3730 271.4679912 323.9831697 0.004945169 0.46048
L6_3731 275.1118569 318.3730715 0.006111734 0.46752
L6_3732 278.7557225 312.7629734 0.006117864 0.47264
L6_3739 304.2627821 273.4922861 0.003963453 0.50208
L6_3740 307.9066478 267.8821879 0.003103834 0.5072
L6_3741 311.5505134 262.2720898 0.001760464 0.51104
L6_3742 315.1943791 256.6619916 -0.00055914 0.51552
L6_3743 318.8382447 251.0518934 -0.002880763 0.51936
L6_3755 362.5646326 183.7307153 0.004955497 -0.86048
L6_3756 366.2084982 178.1206171 0.001363739 -0.85856
L6_3757 369.8523639 172.5105189 -0.002235266 -0.856
L6_3833 259.9290833 352.3842917 -0.000250099 0.44128
L6_3834 263.572949 346.7741935 0.002291249 0.44448
L6_3848 314.5870681 268.2328191 0.005803833 0.50912
L6_3849 318.2309338 262.6227209 0.003601575 0.5168
L6_3850 321.8747994 257.0126227 0.001290568 0.52
L6_3851 325.5186651 251.4025245 -0.001022265 0.52384
L6_3852 329.1625308 245.7924264 -0.003247955 0.52704
L6_3863 369.2450529 184.0813464 0.005174439 -0.85664
L6_3864 372.8889186 178.4712482 0.001583196 -0.85344
L6_3865 376.5327843 172.8611501 -0.002030996 -0.85088
L6_3959 324.9113542 262.973352 0.005378477 0.51744
L6_3960 328.5552198 257.3632539 0.002964568 0.5232
L6_3961 332.1990855 251.7531557 0.000906239 0.5264
L6_3962 335.8429511 246.1430575 -0.001400269 0.53088
L6_3974 379.569339 178.8218794 0.001826914 -0.84896
L6_3975 383.2132046 173.2117812 -0.001789669 -0.84704
L6_4072 338.8795058 252.1037868 0.002322242 0.53024
L6_4073 342.5233715 246.4936886 -0.000445031 0.53472
L6_4074 346.1672371 240.8835905 -0.003478249 0.53856
L6_4085 386.2497593 179.1725105 0.002036689 -0.84512
L6_4086 389.893625 173.5624123 -0.001561541 -0.84256
L6_4185 345.5599262 252.454418 0.003502171 0.53664
L6_4186 349.2037918 246.8443198 0.000555882 0.5392
L6_4187 352.8476575 241.2342216 -0.00241207 0.54176
L6_4198 392.9301797 179.5231417 0.002332074 -0.84128
L6_4199 396.5740454 173.9130435 -0.000278234 -0.83744
L6_4299 352.2403466 252.8050491 0.004357947 0.54112
L6_4300 355.8842122 247.1949509 0.001406722 0.54368
L6_4301 359.5280779 241.5848527 -0.001574926 0.54688
L6_4313 403.2544657 174.2636746 0.000824986 -0.83296
L6_4314 406.8983314 168.6535764 -0.002142699 -0.8304
L6_4416 362.5646326 247.545582 0.002286216 0.5488
L6_4417 366.2084982 241.9354839 -0.000694235 0.55136
L6_4418 369.8523639 236.3253857 -0.004272798 0.55392
L6_4429 409.9348861 174.6143058 0.001673675 -0.82848
L6_4430 413.5787517 169.0042076 -0.001936169 -0.82592
L6_4533 369.2450529 247.8962132 0.003137499 0.55328
L6_4534 372.8889186 242.286115 -0.000462384 0.55584
L6_4535 376.5327843 236.6760168 -0.003420445 0.55904
L6_4546 416.6153064 174.9649369 0.001913465 -0.824
L6_4547 420.2591721 169.3548387 -0.00170101 -0.82208
L6_4651 375.9254733 248.2468443 0.003358319 0.55776
L6_4652 379.569339 242.6367461 0.000491974 0.56096
L6_4653 383.2132046 237.026648 -0.003185869 0.56288
L6_4664 423.2957268 175.315568 0.001840087 -0.81824
L6_4665 426.9395925 169.7054698 -0.002192573 -0.8176
L6_4772 386.2497593 242.9873773 0.000651825 0.5648
L6_4784 429.9761472 175.6661992 0.000426641 -0.81312
L6_4785 433.6200128 170.056101 -0.003580948 -0.81248
L6_4893 392.9301797 243.3380084 0.000220892 0.56992
L6_4904 433.0127019 181.6269285 0.002405699 -0.80992
L6_4905 436.6565675 176.0168303 -0.001653775 -0.80928
L6_5016 399.6106001 243.6886396 0.000506311 0.57504
L6_5017 403.2544657 238.0785414 -0.003153941 0.57696
L6_5027 439.6931223 181.9775596 0.001915732 -0.80544
L6_5028 443.3369879 176.3674614 -0.001698573 -0.80352
L6_5139 402.6471548 249.6493689 0.004204412 0.57888
L6_5140 406.2910204 244.0392707 0.000187941 0.57888
L6_5151 446.3735426 182.3281907 0.002143416 -0.8016
L6_5152 450.0174083 176.7180926 -0.001460463 -0.7984
L6_5265 409.3275751 250 0.003845719 0.5808
L6_5266 412.9714408 244.3899018 0.000250206 0.584
L6_5277 453.053963 182.6788219 0.002354699 -0.79584
L6_5278 456.6978286 177.0687237 -0.001314229 -0.79392
L6_5392 416.0079955 250.3506311 0.003379302 0.58784
L6_5393 419.6518612 244.740533 -0.000836286 0.58848
L6_5404 459.7343834 183.029453 0.001946288 -0.79136
L6_5405 463.378249 177.4193548 -0.00166926 -0.7888
L6_5521 422.6884159 250.7012623 0.003015409 0.59104
L6_5522 426.3322815 245.0911641 -0.000619312 0.59296
L6_5532 462.7709381 188.9901823 0.004927979 -0.78688
L6_5533 466.4148037 183.3800842 0.000922287 -0.78688
L6_5534 470.0586694 177.769986 0.003340805 -0.78624
L6_5651 429.3688362 251.0518934 0.003241817 0.59488
L6_5652 433.0127019 245.4417952 -0.000357344 0.59872
L6_5662 469.4513584 189.3408135 0.002949626 -0.7824
L6_5663 473.0952241 183.7307153 -0.000814625 -0.78048
L6_5732 238.0658894 513.6746143 -0.001889343 0.32864
L6_5783 436.0492566 251.4025245 0.002817792 0.60064
L6_5784 439.6931223 245.7924264 -0.000891107 0.60256
L6_5794 476.1317788 189.6914446 0.002647854 -0.77728
L6_5795 479.7756445 184.0813464 -0.001236305 -0.776
L6_5864 234.4220237 519.2847125 -0.004213846 0.32544
L6_5865 241.1024441 519.6353436 0.000242415 0.3248
L6_5866 247.7828645 519.9859748 0.004341043 0.3248
L6_5917 442.729677 251.7531557 0.002408242 0.60512
L6_5918 446.3735426 246.1430575 -0.00121225 0.60768
L6_5927 479.1683335 195.6521739 0.006178331 -0.77664
L6_5928 482.8121992 190.0420757 0.002589719 -0.77408
L6_5929 486.4560648 184.4319776 -0.00104512 -0.77152
L6_5998 237.4585785 525.2454418 -0.002271947 0.3216
L6_5999 244.1389988 525.5960729 0.002025524 0.32096
L6_6052 449.4100973 252.1037868 0.002639505 0.6096
L6_6053 453.053963 246.4936886 -0.000964658 0.61216
L6_6063 489.4926195 190.3927069 0.002194102 -0.7696
L6_6064 493.1364852 184.7826087 -0.001421816 -0.76704
L6_6134 240.4951332 531.2061711 -0.000349018 0.31776
L6_6135 247.1755535 531.5568022 0.003324477 0.31712
L6_6189 456.0905177 252.454418 0.002851416 0.61472
L6_6190 459.7343834 246.8443198 -0.000758919 0.61728
L6_6200 496.1730399 190.743338 0.001833772 -0.76384
L6_6201 499.8169056 185.1332398 -0.001838465 -0.76192
L6_6270 236.8512675 536.8162693 -0.003297286 0.31392
L6_6271 243.5316879 537.1669004 0.000632515 0.31328
L6_6327 462.7709381 252.8050491 0.00243964 0.6192
L6_6328 466.4148037 247.1949509 0.001185342 0.62112
L6_6337 499.2095946 196.7040673 0.005062 -0.76128
L6_6338 502.8534603 191.0939691 0.001343418 -0.76
L6_6339 506.4973259 185.483871 -0.002272721 -0.75744
L6_6409 239.8878222 542.7769986 -0.001996901 0.31008
L6_6410 246.5682426 543.1276297 0.002285136 0.31008
L6_6467 469.4513584 253.1556802 0.001698745 0.62496
L6_6468 473.0952241 247.545582 -0.002211667 0.62624
L6_6477 505.890015 197.0546985 0.004934262 -0.75552
L6_6478 509.5338806 191.4446003 0.000971481 -0.75488
L6_6479 513.1777463 185.8345021 0.002668345 -0.75296
L6_6549 242.9243769 548.7377279 -0.000174692 0.30624
L6_6550 249.6047973 549.088359 0.004227449 0.30624
L6_6607 472.4879131 259.1164095 0.004656179 0.62688
L6_6608 476.1317788 253.5063114 0.000967721 0.6288
L6_6609 479.7756445 247.8962132 -0.003170764 0.62944
L6_6618 512.5704353 197.4053296 0.004747378 -0.75296
L6_6619 516.214301 191.7952314 0.001157105 -0.7504
L6_6620 519.8581666 186.1851332 -0.003050748 -0.74976
L6_6690 239.2805113 554.3478261 -0.002390859 0.30304
L6_6691 245.9609316 554.6984572 0.001904798 0.3024
L6_6750 479.1683335 259.4670407 0.003690061 0.632
L6_6751 482.8121992 253.8569425 -0.000151092 0.63328
L6_6752 486.4560648 248.2468443 -0.003798114 0.63584
L6_6761 519.2508557 197.7559607 0.004326794 -0.74848
L6_6762 522.8947214 192.1458626 0.000736441 -0.744
L6_6763 526.538587 186.5357644 -0.003286749 -0.74336
L6_6833 242.317066 560.3085554 -0.001095031 0.2992
L6_6834 248.9974864 560.6591865 0.00320582 0.29856
L6_6894 485.8487539 259.8176718 0.00280452 0.63776
L6_6895 489.4926195 254.2075736 -0.001189689 0.6384
L6_6905 525.9312761 198.1065919 0.003526214 -0.73952
L6_6906 529.5751417 192.4964937 0.000489216 -0.73824
L6_6907 533.2190074 186.8863955 0.00467625 -0.7408
L6_6978 245.3536207 566.2692847 0.000284467 0.29536
L6_6979 252.0340411 566.6199158 0.00386944 0.29472
L6_7040 492.5291742 260.1683029 0.001420052 0.6416
L6_7041 496.1730399 254.5582048 -0.002605048 0.64288
L6_7051 532.6116964 198.457223 0.00179057 -0.73312
L6_7052 536.2555621 192.8471248 -0.002171955 -0.73376
L6_7124 248.3901754 572.230014 0.000289874 0.29152
L6_7125 255.0705958 572.5806452 0.003402353 0.28832
L6_7186 495.565729 266.1290323 0.004220639 0.64544
L6_7187 499.2095946 260.5189341 0.000358184 0.64608
L6_7188 502.8534603 254.9088359 -0.00373522 0.64672
L6_7198 539.2921168 198.8078541 0.00054979 -0.72992
L6_7272 251.4267301 578.1907433 -0.000386669 0.28704
L6_7273 258.1071505 578.5413745 0.003063557 0.28512
L6_7335 502.2461493 266.4796634 0.003510521 0.648
L6_7336 505.890015 260.8695652 -0.000575694 0.65056
L6_7337 509.5338806 255.259467 0.004324243 0.65376
L6_7347 545.9725372 199.1584853 0.000741639 -0.72544
L6_7421 254.4632848 584.1514727 -0.000356915 0.2832
L6_7422 261.1437052 584.5021038 0.002819924 0.28128
L6_7485 508.9265697 266.8302945 0.003091746 0.65312
L6_7486 512.5704353 261.2201964 -0.001122167 0.65504
L6_7496 549.0090919 205.1192146 0.004556301 -0.72352
L6_7497 552.6529575 199.5091164 0.000991044 -0.72096
L6_7498 556.2968232 193.8990182 -0.002631494 -0.7184
L6_7571 257.4998396 590.112202 -0.000780473 0.27936
L6_7572 264.1802599 590.4628331 0.002603728 0.27616
L6_7636 515.6069901 267.1809257 0.002051272 0.65824
L6_7637 519.2508557 261.5708275 -0.002119476 0.65888
L6_7648 559.3333779 199.8597475 0.001209211 -0.71648
L6_7723 260.5363943 596.0729313 -0.001161441 0.27488
L6_7724 267.2168146 596.4235624 0.00174092 0.27232
L6_7788 518.6435448 273.141655 0.004813043 0.66208
L6_7789 522.2874104 267.5315568 0.000568966 0.66336
L6_7790 525.9312761 261.9214586 -0.003304462 0.66464
L6_7800 562.3699326 205.8204769 0.005010702 -0.71456
L6_7801 566.0137983 200.2103787 0.00141467 -0.71072
L6_7876 263.572949 602.0336606 -0.001688318 0.2704
L6_7877 270.2533693 602.3842917 0.001495023 0.26912
L6_7942 525.3239651 273.4922861 0.003346521 0.66656
L6_7943 528.9678308 267.8821879 0.000715696 0.6672
L6_7944 532.6116964 262.2720898 -0.004323623 0.6704
L6_7954 569.050353 206.171108 0.004629577 -0.70816
L6_7955 572.6942186 200.5610098 0.001018033 -0.70624
L6_8031 266.6095037 607.9943899 -0.001992453 0.26656
L6_8032 273.2899241 608.345021 0.001524322 0.26464
L6_8098 532.0043855 273.8429173 0.002540668 0.67104
L6_8099 535.6482511 268.2328191 -0.001153183 0.67296
L6_8110 575.7307733 206.5217391 0.004177468 -0.70432
L6_8111 579.374639 200.911641 0.000630796 -0.7024
L6_8112 583.0185047 195.3015428 -0.002367042 -0.6992
L6_8187 269.6460584 613.9551192 -0.001958393 0.26272
L6_8188 276.3264788 614.3057504 0.00137712 0.25952
L6_8189 283.0068991 614.6563815 0.004968825 0.25824
L6_8255 538.6848059 274.1935484 0.002210409 0.67616
L6_8256 542.3286715 268.5834502 -0.001560831 0.67744
L6_8268 586.0550594 201.2622721 0.001597569 -0.69792
L6_8269 589.698925 195.6521739 -0.001514913 -0.69472
L6_8346 272.6826131 619.9158485 -0.002202552 0.2576
L6_8347 279.3630335 620.2664797 0.000990639 0.25568
L6_8348 286.0434538 620.6171108 0.004720924 0.25248
L6_8415 545.3652262 274.5441795 0.001439214 0.68064
L6_8416 549.0090919 268.9340813 0.002602194 0.68192
L6_8428 592.7354797 201.6129032 0.002359683 -0.69344
L6_8429 596.3793454 196.002805 -0.000682824 -0.69024
L6_8506 275.7191678 625.8765778 -0.002418946 0.25376
L6_8507 282.3995882 626.227209 0.000556791 0.25184
L6_8508 289.0800086 626.5778401 0.003850757 0.248
L6_8575 548.4017809 280.5049088 0.004757616 0.68448
L6_8576 552.0456466 274.8948107 0.000573423 0.68448
L6_8577 555.6895122 269.2847125 -0.003205652 0.68576
L6_8589 599.4159001 201.9635344 0.0029764 -0.68448
L6_8590 603.0597657 196.3534362 0.000794515 -0.6864
L6_8668 278.7557225 631.8373072 -0.003215977 0.2512
L6_8669 285.4361429 632.1879383 -0.000380386 0.24736
L6_8670 292.1165633 632.5385694 0.002541663 0.2448
L6_8671 298.7969836 632.8892006 0.005849644 0.2416
L6_8738 555.0822013 280.85554 0.003625464 0.68832
L6_8739 558.726067 275.2454418 -0.000513756 0.68896
L6_8740 562.3699326 269.6353436 -0.004166669 0.69088
L6_8751 602.4524548 207.9242637 0.003460234 -0.68
L6_8752 606.0963205 202.3141655 -0.000210304 -0.68192
L6_8753 609.7401861 196.7040673 -0.00409422 -0.68256
L6_8832 288.4726976 638.1486676 -0.001223068 0.24352
L6_8833 295.153118 638.4992987 0.001679683 0.24096
L6_8834 301.8335383 638.8499299 0.004980228 0.23776
L6_8902 561.7626217 281.2061711 0.002696233 0.69152
L6_8903 565.4064873 275.5960729 -0.001271849 0.6928
L6_8915 609.1328752 208.2748948 -0.000195408 -0.6768
L6_8916 612.7767408 202.6647966 0.003728561 -0.67936
L6_8997 291.5092523 644.1093969 -0.001745052 0.23904
L6_8998 298.1896727 644.4600281 0.001245427 0.23648
L6_8999 304.8700931 644.8106592 0.004275559 0.23456
L6_9068 568.443042 281.5568022 0.001660738 0.69536
L6_9069 572.0869077 275.9467041 -0.002366945 0.69664
L6_9080 612.1694299 214.2356241 -0.000185738 -0.67232
L6_9081 615.8132955 208.6255259 -0.003762138 -0.67424
L6_9163 294.545807 650.0701262 -0.002515513 0.23584
L6_9164 301.2262274 650.4207574 0.000397986 0.23264
L6_9165 307.9066478 650.7713885 0.002780322 0.2288
L6_9235 575.1234624 281.9074334 0.001223312 0.70048
L6_9236 578.7673281 276.2973352 -0.002958422 0.70112
L6_9246 615.2059846 220.1963534 0.000523477 -0.66784
L6_9330 297.5823617 656.0308555 0.003827356 0.23072
L6_9331 304.2627821 656.3814867 -0.001002166 0.22816
L6_9332 310.9432025 656.7321178 0.00148496 0.2256
L6_9333 317.6236228 657.0827489 0.004319751 0.22176
L6_9402 578.1600171 287.8681627 0.004172331 0.7056
L6_9403 581.8038828 282.2580645 0.000207442 0.70688
L6_9404 585.4477484 276.6479663 0.003982562 0.70432
L6_9500 307.2993368 662.342216 0.002750064 0.22432
L6_9501 313.9797572 662.6928471 0.000197004 0.22112
L6_9502 320.6601776 663.0434783 0.003011261 0.21856
L6_9572 584.8404375 288.2187938 0.00280016 0.70944
L6_9573 588.4843031 282.6086957 0.000942839 0.71072
L6_9670 310.3358915 668.3029453 0.004061315 0.21984
L6_9671 317.0163119 668.6535764 0.00123139 0.21728
L6_9672 323.6967323 669.0042076 0.001676518 0.21408
L6_9743 591.5208578 288.569425 0.000432504 0.71456
L6_9744 595.1647235 282.9593268 -0.004155969 0.712
L6_9754 631.60338 226.858345 -0.000773496 -0.65504
L6_9843 320.0528666 674.6143058 -0.002521323 0.21344
L6_9844 326.733287 674.9649369 0.00046984 0.21024
L6_9845 333.4137073 675.315568 0.003214587 0.20704
L6_9915 594.5574126 294.5301543 -0.001006074 0.72032
L6_9926 634.6399348 232.8190743 0.001453633 -0.65184
L6_9927 638.2838004 227.2089762 -0.002433044 -0.64992
L6_10017 329.7698417 680.9256662 -0.000985298 0.2064
L6_10018 336.4502621 681.2762973 0.001917325 0.2032
L6_10088 597.5939673 300.4908836 -0.00140482 0.7248
L6_10089 601.2378329 294.8807854 -0.004687268 0.72032
L6_10100 641.3203551 233.1697055 0.000232019 -0.648
L6_10192 332.8063964 686.8863955 -0.002320225 0.20256
L6_10193 339.4868168 687.2370266 0.000579233 0.19936
L6_10275 644.3569098 239.1304348 0.002675327 -0.64544
L6_10276 648.0007755 233.5203366 -0.001143248 -0.64288
L6_10369 342.5233715 693.197756 -0.000825028 0.19552
L6_10370 349.2037918 693.5483871 0.001206921 0.19232
L6_10452 651.0373302 239.4810659 0.001573623 -0.63904
L6_10453 654.6811958 233.8709677 -0.002637208 -0.63968
L6_10547 345.5599262 699.1584853 -0.002816495 0.19296
L6_10548 352.2403466 699.5091164 -0.000585267 0.18848
L6_10549 358.9207669 699.8597475 0.00184049 0.18528
L6_10618 610.3474971 312.7629734 0.00241855 0.7376
L6_10619 613.9913627 307.1528752 -0.001182173 0.74016
L6_10631 657.7177506 239.8316971 0.000210316 -0.6352
L6_10727 355.2769013 705.4698457 -0.002352851 0.18464
L6_10728 361.9573216 705.8204769 0.000118097 0.18144
L6_10798 617.0279174 313.1136045 0.001992787 0.74208
L6_10799 620.6717831 307.5035063 -0.001611505 0.74464
L6_10810 660.7543053 245.7924264 0.001794057 -0.63264
L6_10908 358.313456 711.430575 -0.003688788 0.1808
L6_10909 364.9938763 711.7812062 -0.001309262 0.1776
L6_10980 623.7083378 313.4642356 0.00215369 0.74848
L6_10992 667.4347256 246.1430575 -0.000614979 -0.62752
L6_11091 368.0304311 717.7419355 -0.003057326 0.17376
L6_11092 371.6742967 712.1318373 0.001207037 0.1744
L6_11163 630.3887582 313.8148668 0.001187864 0.75104
L6_11174 670.4712803 252.1037868 0.001206757 -0.62368
L6_11175 674.115146 246.4936886 -0.003001754 -0.62432
L6_11276 374.7108514 718.0925666 -0.000723316 0.17056
L6_11348 637.0691785 314.1654979 0.0001148 0.75616
L6_11358 673.5078351 258.0645161 0.003051342 -0.62048
L6_11359 677.1517007 252.454418 -0.000993926 -0.61856
L6_11462 377.7474061 724.0532959 -0.002428359 0.16672
L6_11463 381.3912718 718.4431978 0.001571354 0.168
L6_11534 640.1057332 320.1262272 0.001822494 0.76
L6_11535 643.7495989 314.516129 -0.002280705 0.76064
L6_11545 680.1882554 258.4151473 0.001471313 -0.61536
L6_11546 683.8321211 252.8050491 -0.002732479 -0.616
L6_11649 380.7839609 730.0140252 -0.004364753 0.16352
L6_11650 384.4278265 724.4039271 0.000376564 0.16352
L6_11651 388.0716922 718.7938289 0.003840085 0.1648
L6_11722 646.7861536 320.4768583 -0.000361703 0.76448
L6_11733 686.8686758 258.7657784 -0.000171856 -0.61152
L6_11839 387.4643812 730.3646564 -0.002180494 0.16032
L6_11840 391.1082469 724.7545582 0.001971233 0.15968
L6_11911 649.8227083 326.4375877 0.00173248 0.76768
L6_11912 653.466574 320.8274895 -0.002236858 0.76832
L6_11922 689.9052305 264.7265077 0.002385736 -0.6096
L6_11923 693.5490962 259.1164095 -0.001560814 -0.60768
L6_12029 390.5009359 736.3253857 -0.003764868 0.15648
L6_12030 394.1448016 730.7152875 0.000204428 0.15584
L6_12031 397.7886672 725.1051893 0.004465266 0.15776
L6_12102 656.5031287 326.7882188 0.000345678 0.77216
L6_12113 696.5856509 265.0771388 0.000738615 -0.60448
L6_12114 700.2295165 259.4670407 -0.003233011 -0.60384
L6_12221 393.5374906 742.286115 -0.005747495 0.15328
L6_12222 397.1813563 736.6760168 -0.001582819 0.152
L6_12223 400.8252219 731.0659187 0.002606829 0.15264
L6_12294 659.5396834 332.7489481 0.001931907 0.77664
L6_12295 663.183549 327.1388499 0.002303472 0.77536
L6_12305 699.6222056 271.0378682 0.003342641 -0.60064
L6_12306 703.2660712 265.42777 -0.000889205 -0.6
L6_12414 396.5740454 748.2468443 -0.007102421 0.14752
L6_12415 400.217911 742.6367461 -0.002930469 0.14816
L6_12416 403.8617767 737.026648 0.000832018 0.1488
L6_12488 666.2201038 333.0995792 -0.000593237 0.77984
L6_12499 706.3026259 271.3884993 0.000994425 -0.59616
L6_12500 709.9464916 265.7784011 -0.00297519 -0.59552
L6_12610 403.2544657 748.5974755 -0.004228694 0.14368
L6_12611 406.8983314 742.9873773 -0.000635263 0.14496
L6_12612 410.542197 737.3772791 0.003727235 0.14496
L6_12683 669.2566585 339.0603086 0.001305897 0.78432
L6_12694 709.3391807 277.3492286 0.003175518 -0.5904
L6_12695 712.9830463 271.7391304 0.000807029 -0.59104
L6_12807 409.9348861 748.9481066 -0.001420971 0.14112
L6_12808 413.5787517 743.3380084 0.002371989 0.14176
L6_12880 675.9370788 339.4109397 -0.000708382 0.78688
L6_12891 716.019601 277.6998597 0.001087983 -0.58848
L6_12892 719.6634667 272.0897616 -0.003027952 -0.58784
L6_13005 412.9714408 754.9088359 0.00316468 0.13664
L6_13006 416.6153064 749.2987377 0.001127015 0.13792
L6_13007 420.2591721 743.6886396 0.005253764 0.13856
L6_13078 678.9736335 345.371669 0.00087803 0.79072
L6_13089 719.0561557 283.6605891 0.002539514 -0.58144
L6_13090 722.7000214 278.0504909 -0.001655444 -0.58208
L6_13204 416.0079955 760.8695652 -0.004463181 0.1328
L6_13205 419.6518612 755.259467 -0.000277884 0.13344
L6_13206 423.2957268 749.6493689 0.003493122 0.13408
L6_13278 685.6540539 345.7223001 -0.001337648 0.79456
L6_13289 725.7365761 284.0112202 0.000471463 -0.57888
L6_13405 422.6884159 761.2201964 -0.002051267 0.1296
L6_13406 426.3322815 755.6100982 0.001737616 0.13088
L6_13478 688.6906086 351.6830295 -0.00028348 0.79904
L6_13489 728.7731308 289.9719495 0.001486371 -0.57376
L6_13490 732.4169965 284.3618513 -0.002762821 -0.5744
L6_13607 425.7249706 767.1809257 -0.004215244 0.12768
L6_13608 429.3688362 761.5708275 -0.000434957 0.12704
L6_13609 433.0127019 755.9607293 0.00407413 0.12576
L6_13680 691.7271633 357.6437588 0.001330532 0.80288
L6_13681 695.371029 352.0336606 -0.002430395 0.80224
L6_13692 735.4535512 290.3225806 -0.001420533 -0.56864
L6_13811 432.4053909 767.5315568 -0.002292009 0.12384
L6_13812 436.0492566 761.9214586 0.001868075 0.1232
L6_13883 694.763718 363.6044881 0.003182637 0.808
L6_13884 698.4075837 357.9943899 -0.000694445 0.80672
L6_14016 435.4419457 773.4922861 -0.004567873 0.11936
L6_14017 439.0858113 767.8821879 -0.000567265 0.12
L6_14018 442.729677 762.2720898 0.003829358 0.11872
L6_14089 701.4441384 363.9551192 0.000707261 0.81056
L6_14090 705.0880041 358.345021 0.003509549 0.80928
L6_14223 442.122366 773.8429173 -0.003072586 0.11616
L6_14224 445.7662317 768.2328191 0.001140848 0.11552
L6_14225 449.4100973 762.6227209 0.005201472 0.11552
L6_14295 704.4806931 369.9158485 0.002025616 0.81504
L6_14296 708.1245588 364.3057504 -0.00219593 0.8144
L6_14307 748.207081 302.5946704 -0.001185641 -0.55712
L6_14432 448.8027864 774.1935484 -0.001599357 0.11296
L6_14433 452.446652 768.5834502 0.002374531 0.11232
L6_14504 711.1611135 370.2664797 0.000878978 0.8176
L6_14515 751.2436357 308.5553997 0.000388152 -0.55264
L6_14642 451.8393411 780.1542777 -0.004579892 0.11168
L6_14643 455.4832068 774.5441795 -0.001031332 0.10848
L6_14644 459.1270724 768.9340813 0.003243208 0.1072
L6_14714 714.1976682 376.227209 0.000192742 0.82272
L6_14725 754.2801904 314.516129 0.001074128 -0.54816
L6_14726 757.924056 308.9060309 -0.002724533 -0.5488
L6_14855 458.5197615 780.5049088 -0.003864223 0.10592
L6_14856 462.1636271 774.8948107 0.000124494 0.10528
L6_14857 465.8074928 769.2847125 0.003836347 0.104
L6_14926 717.2342229 382.1879383 0.000904556 0.82656
L6_14927 720.8780886 376.5778401 -0.002926307 0.82528
L6_14937 757.3167451 320.4768583 0.001960215 -0.54176
L6_14938 760.9606108 314.8667602 -0.001854312 -0.54304
L6_15069 465.2001818 780.85554 -0.003110185 0.10336
L6_15070 468.8440475 775.2454418 0.000724579 0.10144
L6_15139 720.2707776 388.1486676 0.002223061 0.83168
L6_15140 723.9146433 382.5385694 -0.001995784 0.83104
L6_15151 763.9971655 320.8274895 0.000647666 -0.53984
L6_15285 471.8806022 781.2061711 -0.002173418 0.09824
L6_15286 475.5244679 775.5960729 0.001568326 0.09632
L6_15354 723.3073323 394.1093969 0.003535844 0.83616
L6_15355 726.951198 388.4992987 0.000321967 0.83552
L6_15356 730.5950636 382.8892006 -0.004398569 0.83488
L6_15366 767.0337202 326.7882188 0.001300858 -0.53536
L6_15367 770.6775858 321.1781206 -0.002966705 -0.536
L6_15501 474.9171569 787.1669004 -0.003832769 0.09184
L6_15502 478.5610226 781.5568022 -0.000399231 0.09312
L6_15503 482.2048882 775.9467041 0.003829699 0.09376
L6_15571 729.9877527 394.4600281 0.001137027 0.83936
L6_15572 733.6316184 388.8499299 0.003076769 0.83808
L6_15582 770.0702749 332.7489481 0.002571176 -0.53024
L6_15583 773.7141405 327.1388499 0.001619359 -0.53152
L6_15718 477.9537116 793.1276297 -0.004604337 0.08864
L6_15719 481.5975773 787.5175316 -0.00094918 0.08864
L6_15720 485.2414429 781.9074334 0.002867237 0.09056
L6_15788 733.0243074 400.4207574 0.002897375 0.84192
L6_15789 736.6681731 394.8106592 -0.001311193 0.84256
L6_15799 773.1068296 338.7096774 0.0039107 -0.52704
L6_15800 776.7506953 333.0995792 -0.000484653 -0.52768
L6_15801 780.3945609 327.4894811 0.004500346 -0.52896
L6_15938 484.634132 793.4782609 -0.001811027 0.08608
L6_15939 488.2779976 787.8681627 0.002164836 0.08544
L6_16008 739.7047278 400.7713885 0.000238994 0.84768
L6_16009 743.3485934 395.1612903 -0.004163611 0.84704
L6_16019 779.78725 339.0603086 0.001325609 -0.52384
L6_16020 783.4311156 333.4502104 -0.002753587 -0.5232
L6_16158 487.6706867 799.4389902 -0.003786741 0.08288
L6_16159 491.3145524 793.828892 0.000229171 0.08224
L6_16160 494.958418 788.2187938 0.00440838 0.08352
L6_16228 742.7412825 406.7321178 0.000931935 0.85216
L6_16229 746.3851481 401.1220196 -0.002913769 0.85152
L6_16239 782.8238047 345.0210379 0.002382872 -0.51808
L6_16240 786.4676703 339.4109397 0.001384409 -0.52
L6_16381 494.3511071 799.7896213 -0.001833022 0.07968
L6_16382 497.9949727 794.1795231 0.002211013 0.07904
L6_16450 745.7778372 412.6928471 0.002489493 0.85536
L6_16451 749.4217029 407.0827489 -0.001527589 0.856
L6_16461 785.8603594 350.9817672 0.003676024 -0.51296
L6_16462 789.504225 345.371669 0.000515604 -0.51424
L6_16463 793.1480907 339.7615708 -0.00470058 -0.51488
L6_16605 501.0315274 800.1402525 -9.20015E-05 0.0752
L6_16606 504.6753931 794.5301543 0.004139708 0.07648
L6_16674 752.4582576 413.0434783 0.00034783 0.85984
L6_16675 756.1021232 407.4333801 -0.003928653 0.8592
L6_16684 788.8969141 356.9424965 0.005013073 -0.50912
L6_16685 792.5407798 351.3323983 0.000957824 -0.50912
L6_16686 796.1846454 345.7223001 -0.002924827 -0.5104
L6_16830 504.0680821 806.1009818 -0.002338269 0.072
L6_16831 507.7119478 800.4908836 0.001669227 0.07136
L6_16899 755.4948123 419.0042076 0.001158033 0.8656
L6_16900 759.1386779 413.3941094 -0.002610852 0.86432
L6_16910 795.5773345 357.2931276 0.002616496 -0.50464
L6_16911 799.2212001 351.6830295 -0.001489604 -0.504
L6_16912 802.8650658 346.0729313 -0.005644247 -0.504
L6_17057 510.7485025 806.4516129 -0.000330828 0.06816
L6_17058 514.3923682 800.8415147 0.003639198 0.06752
L6_17125 758.531367 424.9649369 0.002920411 0.87008
L6_17126 762.1752326 419.3548387 0.00129396 0.8688
L6_17127 765.8190983 413.7447405 0.005467794 0.86752
L6_17136 798.6138892 363.2538569 0.004027313 -0.49824
L6_17137 802.2577548 357.6437588 0.000443803 -0.50144
L6_17138 805.9016205 352.0336606 -0.004035439 -0.50208
L6_17285 513.7850572 812.4123422 -0.002928995 0.0656
L6_17286 517.4289229 806.802244 0.001193294 0.06496
L6_17353 761.5679217 430.9256662 0.004240719 0.87392
L6_17354 765.2117874 425.315568 0.000243231 0.87264
L6_17355 768.855653 419.7054698 -0.004148679 0.872
L6_17365 805.2943095 363.6044881 0.001120605 -0.49504
L6_17366 808.9381752 357.9943899 -0.003170612 -0.4976
L6_17515 520.4654776 812.7629734 -0.000596212 0.06112
L6_17516 524.1093432 807.1528752 0.00338317 0.06048
L6_17583 768.2483421 431.2762973 0.00138708 0.87712
L6_17584 771.8922077 425.6661992 -0.002824648 0.87648
L6_17585 775.5360734 420.056101 0.007007867 0.8752
L6_17594 808.3308643 369.5652174 0.0019803 -0.4912
L6_17595 811.9747299 363.9551192 -0.001819345 -0.49248
L6_17596 815.6185956 358.345021 -0.006077214 -0.49248
L6_17743 523.5020323 818.7237027 -0.002568774 0.05792
L6_17744 527.145898 813.1136045 0.001412585 0.05728
L6_17811 771.2848968 437.2370266 0.002703962 0.8816
L6_17812 774.9287624 431.6269285 -0.001515253 0.88096
L6_17813 778.5726281 426.0168303 0.005688364 0.87968
L6_17822 811.367419 375.5259467 0.003714197 -0.48736
L6_17823 815.0112846 369.9158485 0.000649459 -0.48928
L6_17824 818.6551503 364.3057504 -0.004609013 -0.48672
L6_17970 530.1824527 819.0743338 0.000126089 0.05408
L6_17971 533.8263183 813.4642356 0.00382905 0.05536
L6_18037 774.3214515 443.197756 0.003896966 0.88864
L6_18038 777.9653171 437.5876578 -0.000264831 0.88544
L6_18039 781.6091828 431.9775596 0.004362785 0.88416
L6_18049 818.0478393 375.8765778 0.001346764 -0.48416
L6_18050 821.691705 370.2664797 -0.002397586 -0.4816
L6_18193 533.2190074 825.0350631 0.001730773 0.0496
L6_18194 536.862873 819.4249649 0.002464361 0.05088
L6_18261 781.0018719 443.5483871 0.000728866 0.89056
L6_18262 784.6457375 437.9382889 -0.003102345 0.88992
L6_18272 821.0843941 381.8373072 0.004544375 -0.48096
L6_18273 824.7282597 376.227209 0.000804438 -0.47968
L6_18415 536.2555621 830.9957924 -0.003386622 0.04768
L6_18416 539.8994277 825.3856942 0.00039839 0.0464
L6_18417 543.5432934 819.7755961 0.003998764 0.04448
L6_18483 784.0384266 449.5091164 0.001583945 0.89504
L6_18484 787.6822922 443.8990182 0.00218059 0.89312
L6_18495 827.7648144 382.1879383 0.003386879 -0.47456
L6_18496 831.4086801 376.5778401 -0.000376045 -0.4752
L6_18634 542.9359825 831.3464236 -0.00286385 0.04384
L6_18635 546.5798481 825.7363254 0.000852282 0.04192
L6_18636 550.2237138 820.1262272 0.004468384 0.04064
L6_18701 787.0749813 455.4698457 0.002682373 0.90016
L6_18702 790.7188469 449.8597475 -0.001320109 0.8976
L6_18713 830.8013691 388.1486676 0.004034664 -0.46688
L6_18714 834.4452348 382.5385694 0.000447218 -0.47136
L6_18853 549.6164028 831.6970547 -0.002378817 0.04
L6_18854 553.2602685 826.0869565 0.001235627 0.03808
L6_18919 790.111536 461.430575 0.003259833 0.90528
L6_18920 793.7554016 455.8204769 0.000496922 0.90144
L6_18931 833.8379238 394.1093969 0.003379163 -0.46304
L6_18932 837.4817895 388.4992987 0.000460552 -0.46624
L6_18933 841.1256551 382.8892006 0.002965936 -0.4688
L6_19071 556.2968232 832.0476858 -0.002597475 0.03616
L6_19072 559.9406888 826.4375877 0.00036194 0.0336
L6_19137 796.7919564 461.7812062 0.000193226 0.9072
L6_19138 800.435822 456.171108 -0.003750254 0.90592
L6_19148 836.8744786 400.0701262 0.002727714 -0.45856
L6_19149 840.5183442 394.4600281 -0.000443547 -0.4624
L6_19150 844.1622099 388.8499299 -0.003578923 -0.46432
L6_19290 562.9772436 832.398317 -0.003454954 0.03168
L6_19291 566.6211092 826.7882188 0.000277799 0.02912
L6_19355 799.8285111 467.7419355 0.000487358 0.91104
L6_19356 803.4723767 462.1318373 -0.003326774 0.9104
L6_19366 839.9110333 406.0308555 0.002617013 -0.4528
L6_19367 843.5548989 400.4207574 -0.001030926 -0.45792
L6_19368 847.1987646 394.8106592 -0.00446152 -0.4592
L6_19508 569.6576639 832.7489481 -0.003685844 0.0272
L6_19509 573.3015296 827.1388499 -0.000212456 0.02528
L6_19571 799.2212001 479.312763 0.004828779 0.91872
L6_19572 802.8650658 473.7026648 0.000854301 0.91616
L6_19573 806.5089314 468.0925666 -0.002916446 0.91488
L6_19583 842.947588 411.9915849 0.00233259 -0.45024
L6_19584 846.5914536 406.3814867 -0.001092749 -0.45216
L6_19585 850.2353193 400.7713885 0.004493836 -0.45536
L6_19726 576.3380843 833.0995792 -0.003909723 0.02336
L6_19727 579.9819499 827.4894811 -0.000313481 0.0208
L6_19728 583.6258156 821.8793829 0.003285933 0.01824
L6_19788 802.2577548 485.2734923 0.005478175 0.92192
L6_19789 805.9016205 479.6633941 0.001713728 0.92
L6_19790 809.5454861 474.0532959 -0.00234861 0.91808
L6_19800 845.9841427 417.9523142 0.002641426 -0.44448
L6_19801 849.6280083 412.342216 -0.001064696 -0.44832
L6_19943 583.0185047 833.4502104 -0.004128152 0.01888
L6_19944 586.6623703 827.8401122 -0.000579468 0.01632
L6_19945 590.306236 822.230014 0.003059076 0.0144
L6_20005 808.9381752 485.6241234 0.002218184 0.92512
L6_20006 812.5820409 480.0140252 0.001625014 0.9232
L6_20016 849.0206974 423.9130435 0.002825771 -0.44064
L6_20017 852.6645631 418.3029453 -0.000616373 -0.44256
L6_20018 856.3084287 412.6928471 -0.004558558 -0.44512
L6_20160 589.698925 833.8008415 -0.004356802 0.0144
L6_20161 593.3427907 828.1907433 -0.000793026 0.01248
L6_20162 596.9866563 822.5806452 0.0028284 0.00992
L6_20221 811.9747299 491.5848527 0.002546663 0.92896
L6_20222 815.6185956 485.9747546 -0.001036027 0.92704
L6_20223 819.2624612 480.3646564 -0.00493467 0.92704
L6_20232 852.0572521 429.8737728 0.004019122 -0.43616
L6_20233 855.7011178 424.2636746 0.000255082 -0.43744
L6_20234 859.3449834 418.6535764 -0.004036222 -0.43744
L6_20376 596.3793454 834.1514727 -0.004071282 0.00928
L6_20377 600.023211 828.5413745 -0.000346798 0.008
L6_20378 603.6670767 822.9312763 0.003250973 0.00544
L6_20437 818.6551503 491.9354839 -0.000799979 0.93216
L6_20438 822.2990159 486.3253857 -0.004379731 0.9296
L6_20448 858.7376725 430.2244039 0.00163688 -0.4336
L6_20449 862.3815381 424.6143058 0.002648575 -0.43488
L6_20592 603.0597657 834.5021038 -0.004161522 0.00608
L6_20593 606.7036314 828.8920056 -0.000601569 0.00352
L6_20594 610.3474971 823.2819074 0.003027758 0.0016
L6_20651 818.0478393 503.5063114 0.003552172 0.9392
L6_20652 821.691705 497.8962132 -0.000447647 0.936
L6_20653 825.3355706 492.286115 -0.003831109 0.93408
L6_20663 861.7742272 436.1851332 0.002493572 -0.42848
L6_20664 865.4180928 430.5750351 -0.001286625 -0.42976
L6_20808 609.7401861 834.8527349 -0.004388901 0.0016
L6_20809 613.3840518 829.2426367 -0.000832404 -0.00032
L6_20810 617.0279174 823.6325386 0.002795232 -0.00288
L6_20866 821.0843941 509.4670407 0.00410203 0.94368
L6_20867 824.7282597 503.8569425 0.000575357 0.94112
L6_20868 828.3721254 498.2468443 -0.003616611 0.93856
L6_20878 864.8107819 442.1458626 0.003012373 -0.42336
L6_20879 868.4546476 436.5357644 -0.000415862 -0.42528
L6_20880 872.0985132 430.9256662 -0.004176952 -0.4272
L6_21023 616.4206065 835.2033661 -0.004618007 -0.00224
L6_21024 620.0644721 829.5932679 -0.001020526 -0.0048
L6_21025 623.7083378 823.9831697 0.002577539 -0.00736
L6_21026 627.3522034 818.3730715 0.006165356 -0.00928
L6_21081 827.7648144 509.8176718 0.000948037 0.9456
L6_21082 831.4086801 504.2075736 -0.002820124 0.94432
L6_21093 871.4912023 442.4964937 0.000446987 -0.42144
L6_21094 875.1350679 436.8863955 -0.003732936 -0.42208
L6_21235 623.1010268 835.5539972 -0.004834991 -0.00672
L6_21236 626.7448925 829.943899 -0.001254763 -0.00928
L6_21237 630.3887582 824.3338008 0.002359522 -0.0112
L6_21292 830.8013691 515.7784011 0.001372562 0.94944
L6_21293 834.4452348 510.1683029 -0.002394462 0.9488
L6_21304 874.527757 448.457223 -0.000446892 -0.41568
L6_21305 878.1716226 442.8471248 0.003585174 -0.41952
L6_21428 629.7814472 835.9046283 -0.005060895 -0.0112
L6_21429 633.4253129 830.2945302 -0.001493514 -0.01312
L6_21430 637.0691785 824.684432 0.002122425 -0.01568
L6_21484 833.8379238 521.7391304 0.00207828 0.9552
L6_21485 837.4817895 516.1290323 -0.001527472 0.95328
L6_21496 877.5643117 454.4179523 0.000386397 -0.4112
L6_21497 881.2081773 448.8078541 -0.003380421 -0.41248
L6_21603 636.4618676 836.2552595 -0.004746567 -0.01632
L6_21604 640.1057332 830.6451613 -0.001055076 -0.0176
L6_21605 643.7495989 825.0350631 0.002542615 -0.02016
L6_21658 836.8744786 527.6998597 0.002643295 0.9584
L6_21659 840.5183442 522.0897616 -0.000973437 0.95648
L6_21670 880.6008664 460.3786816 0.000352121 -0.40672
L6_21671 884.2447321 454.7685835 -0.003412657 -0.40736
L6_21760 643.1422879 836.6058906 -0.004868622 -0.01952
L6_21761 646.7861536 830.9957924 -0.001004826 -0.02272
L6_21762 650.4300193 825.3856942 0.002965952 -0.024
L6_21815 843.5548989 528.0504909 -0.000356602 0.9616
L6_21826 883.6374211 466.3394109 -0.000462178 -0.40224
L6_21827 887.2812868 460.7293128 -0.003476481 -0.4048
L6_21899 649.8227083 836.9565217 -0.00445362 -0.024
L6_21900 653.466574 831.3464236 -0.000911983 -0.02592
L6_21901 657.1104396 825.7363254 0.002729667 -0.02848
L6_21953 846.5914536 534.0112202 0.000261568 0.96608
L6_21963 883.0301102 477.9102384 0.001388815 -0.39456
L6_21964 886.6739758 472.3001403 -0.001088429 -0.3984
L6_21965 890.3178415 466.6900421 -0.004129419 -0.40096
L6_22027 656.5031287 837.3071529 -0.004687377 -0.02848
L6_22028 660.1469943 831.6970547 -0.001090182 -0.0304
L6_22029 663.79086 826.0869565 0.001869146 -0.03296
L6_22080 849.6280083 539.9719495 0.00066605 0.97056
L6_22081 853.271874 534.3618513 -0.002928127 0.968
L6_22090 886.0666649 483.8709677 0.00055905 -0.39008
L6_22091 889.7105305 478.2608696 -0.002380601 -0.39392
L6_22153 663.183549 837.657784 -0.004902389 -0.03232
L6_22154 666.8274147 832.0476858 -0.001953644 -0.03488
L6_22155 670.4712803 826.4375877 0.000494025 -0.03744
L6_22205 852.6645631 545.9326788 0.000855765 0.97568
L6_22206 856.3084287 540.3225806 -0.002723896 0.97376
L6_22278 673.5078351 832.398317 -0.003469252 -0.03936
L6_22279 677.1517007 826.7882188 0.000166725 -0.04128
L6_22328 855.7011178 551.8934081 0.001226786 0.97888
L6_22329 859.3449834 546.28331 -0.002757896 0.97824
L6_22400 680.1882554 832.7489481 -0.003681299 -0.0432
L6_22401 683.8321211 827.1388499 -0.00013943 -0.04576
L6_22402 687.4759867 821.5287518 0.003514825 -0.04768
L6_22449 858.7376725 557.8541374 0.001547646 0.98528
L6_22450 862.3815381 552.2440393 -0.002217605 0.98144
L6_22521 686.8686758 833.0995792 -0.003904635 -0.04768
L6_22522 690.5125414 827.4894811 -0.000442113 -0.05024
L6_22523 694.1564071 821.8793829 0.003278723 -0.05216
L6_22569 861.7742272 563.8148668 0.001838016 0.98912
L6_22570 865.4180928 558.2047686 0.001927455 0.9872
L6_22640 693.5490962 833.4502104 -0.004138209 -0.05216
L6_22641 697.1929618 827.8401122 -0.000551672 -0.05408
L6_22642 700.8368275 822.230014 0.003054577 -0.05664
L6_22688 868.4546476 564.1654979 -0.001659278 0.99168
L6_22757 700.2295165 833.8008415 -0.004355017 -0.056
L6_22758 703.8733822 828.1907433 -0.000766372 -0.05856
L6_22759 707.5172478 822.5806452 0.002845212 -0.06112
L6_22804 871.4912023 570.1262272 -0.001532624 0.9968
L6_22872 706.9099369 834.1514727 -0.004577305 -0.06048
L6_22873 710.5538025 828.5413745 -0.001026981 -0.06304
L6_22874 714.1976682 822.9312763 0.001968053 -0.06496
L6_22918 874.527757 576.0869565 -0.001618721 1
L6_22986 717.2342229 828.8920056 -0.002012391 -0.06624
L6_22987 720.8780886 823.2819074 0.000466155 -0.06944
L6_23039 910.3591026 531.5568022 0.000424037 -0.35616
L6_23096 723.9146433 829.2426367 -0.003355732 -0.07136
L6_23097 727.5585089 823.6325386 0.000427872 -0.07328
L6_23098 731.2023746 818.0224404 0.002548931 -0.07584
L6_23148 913.3956573 537.5175316 0.00050922 -0.35104
L6_23205 730.5950636 829.5932679 -0.004236843 -0.0752
L6_23206 734.2389293 823.9831697 -0.001496548 -0.07712
L6_23207 737.8827949 818.3730715 0.001043933 -0.08096
L6_23208 741.5266606 812.7629734 0.002870964 -0.0848
L6_23256 916.432212 543.4782609 0.00137908 -0.3472
L6_23257 920.0760777 537.8681627 -0.002395258 -0.34848
L6_23313 740.9193497 824.3338008 -0.003033474 -0.0816
L6_23314 744.5632153 818.7237027 -0.001160566 -0.08544
L6_23315 748.207081 813.1136045 0.001214546 -0.08864
L6_23362 919.4687667 549.4389902 0.00186347 -0.34208
L6_23363 923.1126324 543.828892 0.00193878 -0.344
L6_23418 747.59977 824.684432 -0.005430913 -0.08544
L6_23419 751.2436357 819.0743338 -0.002976798 -0.08928
L6_23420 754.8875013 813.4642356 -0.000641015 -0.09248
L6_23421 758.531367 807.8541374 0.002559248 -0.09696
L6_23466 922.5053214 555.3997195 0.002215369 -0.33824
L6_23467 926.1491871 549.7896213 -0.001578612 -0.34016
L6_23468 929.7930527 544.1795231 -0.005304158 -0.34272
L6_23522 757.924056 819.4249649 -0.004752226 -0.09504
L6_23523 761.5679217 813.8148668 -0.001534949 -0.09632
L6_23524 765.2117874 808.2047686 0.001156916 -0.09952
L6_23525 768.855653 802.5946704 0.002575512 -0.10528
L6_23568 925.5418761 561.3604488 0.002225189 -0.33184
L6_23569 929.1857418 555.7503506 -0.00140797 -0.33632
L6_23624 768.2483421 814.1654979 -0.002670652 -0.10144
L6_23625 771.8922077 808.5553997 -0.001567637 -0.10464
L6_23626 775.5360734 802.9453015 0.000737422 -0.10912
L6_23627 779.179939 797.3352034 0.001578631 -0.11424
L6_23628 782.8238047 791.7251052 0.001110136 -0.11808
L6_23668 928.5784308 567.3211781 0.001563376 -0.328
L6_23669 932.2222965 561.7110799 -0.001434239 -0.3312
L6_23723 774.9287624 814.516129 -0.005293197 -0.10144
L6_23724 778.5726281 808.9060309 0.003387816 -0.10848
L6_23725 782.2164937 803.2959327 -0.002042408 -0.11232
L6_23726 785.8603594 797.6858345 -0.002124925 -0.11616
L6_23727 789.504225 792.0757363 0.000671255 -0.12192
L6_23766 931.6149856 573.2819074 0.000904584 -0.32416
L6_23767 935.2588512 567.6718093 -0.002096215 -0.32736
L6_23821 781.6091828 814.8667602 0.007600502 -0.10848
L6_23822 785.2530485 809.256662 -0.006263079 -0.11232
L6_23823 788.8969141 803.6465638 -0.005704662 -0.11488
L6_23824 792.5407798 798.0364656 -0.003236709 -0.12384
L6_23825 796.1846454 792.4263675 0.000385675 -0.12576
L6_23863 934.6515403 579.2426367 0.000271753 -0.31968
L6_23864 938.2954059 573.6325386 -0.003138963 -0.3216
L6_23920 799.2212001 798.3870968 -0.003450647 -0.12768
L6_23921 802.8650658 792.7769986 -0.000504722 -0.13024
L6_23922 806.5089314 787.1669004 0.002473234 -0.1328
L6_23958 937.688095 585.2033661 -0.000459212 -0.31584
L6_23959 941.3319606 579.5932679 -0.003743982 -0.31776
L6_24014 805.9016205 798.7377279 -0.004480601 -0.13088
L6_24015 809.5454861 793.1276297 -0.001405724 -0.13408
L6_24016 813.1893518 787.5175316 0.000956488 -0.13664
L6_24050 937.080784 596.7741935 0.001932884 -0.30752
L6_24051 940.7246497 591.1640954 -0.001108761 -0.31072
L6_24052 944.3685153 585.5539972 -0.004366138 -0.31392
L6_24107 816.2259065 793.4782609 -0.003200607 -0.13728
L6_24108 819.8697722 787.8681627 -0.00056184 -0.14112
L6_24109 823.5136378 782.2580645 0.001782231 -0.14432
L6_24141 940.1173388 602.7349229 0.000589828 -0.3024
L6_24142 943.7612044 597.1248247 -0.001768976 -0.30688
L6_24143 947.4050701 591.5147265 -0.004999037 -0.3088
L6_24197 822.9063269 793.828892 -0.004408815 -0.1424
L6_24198 826.5501925 788.2187938 -0.002089906 -0.1456
L6_24199 830.1940582 782.6086957 0.00027954 -0.14816
L6_24200 833.8379238 776.9985975 0.003202578 -0.15072
L6_24229 939.5100278 614.3057504 0.000973452 -0.29536
L6_24230 943.1538935 608.6956522 -0.001392185 -0.29856
L6_24231 946.7977591 603.085554 -0.00371097 -0.3024
L6_24286 833.2306129 788.569425 -0.003839687 -0.1488
L6_24287 836.8744786 782.9593268 -0.000830773 -0.152
L6_24288 840.5183442 777.3492286 0.001100547 -0.15584
L6_24316 942.5465825 620.2664797 -0.000585453 -0.29024
L6_24317 946.1904482 614.6563815 -0.003329158 -0.29472
L6_24318 949.8343138 609.0462833 -0.005654038 -0.29856
L6_24374 843.5548989 783.3099579 -0.002932391 -0.15648
L6_24375 847.1987646 777.6998597 -0.000465624 -0.15968
L6_24376 850.8426302 772.0897616 0.001429439 -0.16352
L6_24401 941.9392716 631.8373072 0.000686805 -0.28256
L6_24402 945.5831372 626.227209 -0.001659591 -0.28704
L6_24403 949.2270029 620.6171108 -0.004631769 -0.29024
L6_24459 850.2353193 783.6605891 -0.004739058 -0.15968
L6_24460 853.8791849 778.0504909 -0.002293025 -0.16288
L6_24461 857.5230506 772.4403927 -0.001014683 -0.16608
L6_24462 861.1669162 766.8302945 0.000544124 -0.1712
L6_24463 864.8107819 761.2201964 0.001805705 -0.17568
L6_24484 941.3319606 643.4081346 0.001099037 -0.27424
L6_24485 944.9758263 637.7980365 -0.001271118 -0.27872
L6_24486 948.6196919 632.1879383 -0.003598614 -0.28256
L6_24543 860.5596053 778.401122 -0.00502978 -0.16608
L6_24544 864.203471 772.7910238 -0.003176495 -0.16992
L6_24545 867.8473366 767.1809257 -0.00229543 -0.17376
L6_24546 871.4912023 761.5708275 -0.001021903 -0.1776
L6_24547 875.1350679 755.9607293 -9.00231E-05 -0.18272
L6_24548 878.7789336 750.3506311 0.000885119 -0.1872
L6_24549 882.4227992 744.740533 0.000886676 -0.19104
L6_24566 944.3685153 649.368864 0.000468047 -0.2704
L6_24567 948.012381 643.7587658 -0.00268799 -0.27296
L6_24624 870.8838913 773.141655 -0.00634831 -0.17248
L6_24625 874.527757 767.5315568 -0.005086362 -0.1776
L6_24626 878.1716226 761.9214586 -0.003747141 -0.18208
L6_24627 881.8154883 756.3113604 -0.002331337 -0.18528
L6_24628 885.4593539 750.7012623 -0.002467233 -0.18912
L6_24629 889.1032196 745.0911641 -0.001516432 -0.1936
L6_24630 892.7470852 739.4810659 -0.000347839 -0.19872
L6_24631 896.3909509 733.8709677 0.001258012 -0.20256
L6_24644 943.7612044 660.9396914 0.001433349 -0.26144
L6_24645 947.4050701 655.3295933 -0.000923654 -0.26592
L6_24646 951.0489357 649.7194951 -0.003875479 -0.26976
L6_24704 884.852043 762.2720898 -0.006485 -0.18528
L6_24705 888.4959087 756.6619916 -0.006012145 -0.18784
L6_24706 892.1397743 751.0518934 -0.005584765 -0.1936
L6_24707 895.78364 745.4417952 -0.004177821 -0.1968
L6_24708 899.4275056 739.8316971 -0.002902997 -0.20192
L6_24709 903.0713713 734.2215989 -0.001539048 -0.20512
L6_24710 906.7152369 728.6115007 -0.000602245 -0.2096
L6_24711 910.3591026 723.0014025 0.000410175 -0.21408
L6_24712 914.0029682 717.3913043 0.001211271 -0.21792
L6_24713 917.6468339 711.7812062 0.001663274 -0.22176
L6_24714 921.2906995 706.171108 0.002092042 -0.22688
L6_24715 924.9345652 700.5610098 0.002507098 -0.23136
L6_24716 928.5784308 694.9509116 0.002290424 -0.23648
L6_24717 932.2222965 689.3408135 0.002070728 -0.24032
L6_24718 935.8661622 683.7307153 0.001993568 -0.24416
L6_24719 939.5100278 678.1206171 0.001690045 -0.24928
L6_24720 943.1538935 672.5105189 0.000625594 -0.25312
L6_24721 946.7977591 666.9004208 -0.000514528 -0.2576
L6_24722 950.4416248 661.2903226 -0.002352356 -0.26272
L6_24783 902.4640603 745.7924264 -0.006905897 -0.2
L6_24784 906.107926 740.1823282 -0.005562036 -0.20448
L6_24785 909.7517916 734.57223 -0.004686849 -0.20896
L6_24786 913.3956573 728.9621318 0.003787388 -0.2128
L6_24787 917.0395229 723.3520337 -0.002459696 -0.21664
L6_24788 920.6833886 717.7419355 -0.002047491 -0.22048
L6_24789 924.3272542 712.1318373 -0.001607195 -0.2256
L6_24790 927.9711199 706.5217391 -0.000974088 -0.23008
L6_24791 931.6149856 700.911641 -0.001186897 -0.23328
L6_24792 935.2588512 695.3015428 -0.001458489 -0.23712
L6_24793 938.9027169 689.6914446 -0.001629339 -0.24224
L6_24794 942.5465825 684.0813464 -0.001770661 -0.24608
L6_24795 946.1904482 678.4712482 -0.002064041 -0.24992
L6_24796 949.8343138 672.8611501 -0.003315328 -0.2544
L6_24864 931.0076746 712.4824684 -0.004752157 -0.22816
L6_24865 934.6515403 706.8723703 -0.00442243 -0.23008
L6_24866 938.2954059 701.2622721 -0.004865646 -0.23584
L6_24867 941.9392716 695.6521739 -0.004754451 -0.23904
L6_24868 945.5831372 690.0420757 -0.005229164 -0.24352
