ID row col Width ALBST
L6_867 30.36554712 195.3015428 -0.003618835 -1
L6_868 37.04596748 195.6521739 -0.002921108 -0.997312731
L6_869 43.72638785 196.002805 -0.002691668 -0.99261001
L6_870 50.40680821 196.3534362 -0.002465022 -0.988579106
L6_871 57.08722858 196.7040673 -0.00221504 -0.983876386
L6_872 63.76764895 197.0546985 -0.001984852 -0.979173665
L6_873 70.44806931 197.4053296 -0.001768945 -0.974470944
L6_874 77.12848968 197.7559607 -0.001510054 -0.969768223
L6_875 83.80891004 198.1065919 -0.001278486 -0.965065502
L6_876 90.48933041 198.457223 -0.001087349 -0.961034599
L6_877 97.16975078 198.8078541 -0.000808983 -0.95566006
L6_878 103.8501711 199.1584853 -0.001241249 -0.95095734
L6_919 33.40210183 201.2622721 0.000890004 -1
L6_920 40.08252219 201.6129032 0.001084994 -0.995297279
L6_921 46.76294256 201.9635344 0.001328715 -0.990594558
L6_922 53.44336293 202.3141655 0.001582972 -0.986563655
L6_923 60.12378329 202.6647966 0.001792187 -0.981860934
L6_924 66.80420366 203.0154278 0.002030082 -0.976486396
L6_925 73.48462402 203.3660589 0.002284694 -0.972455492
L6_926 80.16504439 203.71669 0.002499397 -0.967752771
L6_927 86.84546476 204.0673212 0.002734468 -0.96305005
L6_928 93.52588512 204.4179523 0.002985099 -0.95834733
L6_929 100.2063055 204.7685835 0.00253559 -0.953644609
L6_930 106.8867259 205.1192146 0.002096924 -0.948941888
L6_931 110.5305915 199.5091164 -0.001964099 -0.947598253
L6_972 36.43865654 207.2230014 0.004861477 -0.997984548
L6_973 43.11907691 207.5736325 0.005088726 -0.993281827
L6_980 89.88201947 210.0280505 0.006737484 -0.961034599
L6_981 96.56243983 210.3786816 0.006710661 -0.953644609
L6_983 109.9232806 211.0799439 0.005428491 -0.946926436
L6_984 113.5671462 205.4698457 0.001684574 -0.944239167
L6_985 117.2110119 199.8597475 -0.002114433 -0.941551898
L6_1027 32.79479089 212.8330996 0.0086226 -1
L6_1040 116.6037009 211.430575 0.00567006 -0.941551898
L6_1041 120.2475666 205.8204769 0.00190213 -0.939536446
L6_1042 123.8914322 200.2103787 -0.001875535 -0.936849177
L6_1098 123.2841213 211.7812062 0.005902453 -0.937520994
L6_1099 126.927987 206.171108 0.002130954 -0.934833725
L6_1100 130.5718526 200.5610098 -0.00166361 -0.930802822
L6_1158 129.9645417 212.1318373 0.006134972 -0.932818273
L6_1159 133.6084073 206.5217391 0.00233488 -0.927443735
L6_1160 137.252273 200.911641 -0.002063472 -0.928115553
L6_1219 136.644962 212.4824684 0.005703658 -0.926771918
L6_1220 140.2888277 206.8723703 0.001704071 -0.923412832
L6_1221 143.9326933 201.2622721 -0.002511477 -0.922069197
L6_1282 143.3253824 212.8330996 0.00526695 -0.922741014
L6_1283 146.969248 207.2230014 0.001493594 -0.920053745
L6_1284 150.6131137 201.6129032 -0.002290306 -0.916694659
L6_1346 150.0058028 213.1837307 0.005497973 -0.917366476
L6_1347 153.6496684 207.5736325 0.001393064 -0.91400739
L6_1348 157.2935341 201.9635344 -0.002718928 -0.912663755
L6_1412 156.6862231 213.5343619 0.005066102 -0.912663755
L6_1413 160.3300888 207.9242637 0.001311636 -0.910648304
L6_1414 163.9739544 202.3141655 -0.002476269 -0.905945583
L6_1479 163.3666435 213.884993 0.005302998 -0.9066174
L6_1480 167.0105091 208.2748948 0.001084199 -0.903258314
L6_1481 170.6543748 202.6647966 -0.002921706 -0.901242862
L6_1547 170.0470639 214.2356241 0.00486112 -0.901914679
L6_1548 173.6909295 208.6255259 0.001111621 -0.89922741
L6_1549 177.3347952 203.0154278 -0.002686337 -0.896540141
L6_1550 180.9786608 197.4053296 -0.006445881 -0.893852872
L6_1617 176.7274842 214.5862553 0.005099865 -0.896540141
L6_1618 180.3713499 208.9761571 0.001350854 -0.894524689
L6_1619 184.0152155 203.3660589 -0.002441366 -0.89183742
L6_1620 187.6590812 197.7559607 -0.006214527 -0.887806517
L6_1688 183.4079046 214.9368864 0.005339175 -0.892509237
L6_1689 187.0517702 209.3267882 0.001563563 -0.889821968
L6_1690 190.6956359 203.71669 -0.002215242 -0.885791065
L6_1762 193.7321906 209.6774194 0.001807712 -0.883775613
L6_1763 197.3760563 204.0673212 0.000421609 -0.879744709
L6_1836 200.412611 210.0280505 0.003595335 -0.882431979
L6_1837 204.0564766 204.4179523 0.001624865 -0.875713806
L6_1838 207.7003423 198.8078541 -0.001486417 -0.87235472
L6_1913 210.736897 204.7685835 0.002537962 -0.870339268
L6_1914 214.3807626 199.1584853 -0.00126333 -0.868323816
L6_1990 217.4173174 205.1192146 0.001776948 -0.863621095
L6_1991 221.061183 199.5091164 -0.002451201 -0.862949278
L6_2068 220.4538721 211.0799439 0.003817471 -0.858918374
L6_2069 224.0977377 205.4698457 0.000362169 -0.85757474
L6_2148 227.1342924 211.430575 0.001579472 -0.852872019
L6_2149 230.7781581 205.8204769 -0.002836591 -0.853543836
L6_2230 230.1708471 217.3913043 0.003002283 -0.849512932
L6_2231 233.8147128 211.7812062 -0.000828215 -0.846153846
L6_2314 236.8512675 217.7419355 0.002515882 -0.844138394
L6_2315 240.4951332 212.1318373 -0.001298397 -0.842122943
L6_2399 243.5316879 218.0925666 0.002101326 -0.839435673
L6_2400 247.1755535 212.4824684 -0.001695428 -0.837420222
L6_2486 250.2121082 218.4431978 0.002317585 -0.83540477
L6_2487 253.8559739 212.8330996 -0.001458973 -0.832717501
L6_2574 256.8925286 218.7938289 0.002549782 -0.830702049
L6_2575 260.5363943 213.1837307 -0.001259324 -0.82801478
L6_2664 263.572949 219.14446 0.002799062 -0.825999328
L6_2665 267.2168146 213.5343619 0.000995357 -0.823983876
L6_2755 270.2533693 219.4950912 0.003024673 -0.821296607
L6_2756 273.897235 213.884993 -0.000752256 -0.818609338
L6_2848 276.9337897 219.8457223 0.00268108 -0.815922069
L6_2849 280.5776554 214.2356241 -0.001218825 -0.813906617
L6_2942 283.6142101 220.1963534 0.002831071 -0.811891166
L6_2943 287.2580757 214.5862553 -0.000965473 -0.809875714
L6_3038 290.2946304 220.5469846 0.002429588 -0.805172993
L6_3039 293.9384961 214.9368864 -0.001522702 -0.803829358
L6_3135 296.9750508 220.8976157 0.001274961 -0.801142089
L6_3136 300.6189165 215.2875175 -0.002507215 -0.797783003
L6_3234 303.6554712 221.2482468 0.001528043 -0.795767551
L6_3235 307.2993368 215.6381487 -0.002267485 -0.793752099
L6_3333 306.6920259 227.2089762 0.00532866 -0.791736648
L6_3334 310.3358915 221.598878 0.001097601 -0.791736648
L6_3335 313.9797572 215.9887798 -0.002694841 -0.789049379
L6_3434 313.3724463 227.5596073 0.005084835 -0.789721196
L6_3435 317.0163119 221.9495091 0.00130976 -0.787033927
L6_3436 320.6601776 216.3394109 -0.002469821 -0.78367484
L6_3537 320.0528666 227.9102384 0.005314353 -0.785018475
L6_3538 323.6967323 222.3001403 0.001236741 -0.780987571
L6_3539 327.3405979 216.6900421 -0.002904531 -0.779643937
L6_3641 326.733287 228.2608696 0.004744281 -0.777628485
L6_3642 330.3771526 222.6507714 0.000505315 -0.777628485
L6_3643 334.0210183 217.0406732 -0.003331791 -0.774941216
L6_3747 333.4137073 228.6115007 0.003917637 -0.774269399
L6_3748 337.057573 223.0014025 3.869E-05 -0.772925764
L6_3855 340.0941277 228.9621318 0.004005962 -0.770238495
L6_3856 343.7379934 223.3520337 0.000294816 -0.766207592
L6_3966 350.4184137 223.7026648 -0.000344845 -0.762176688
L6_4076 353.4549684 229.6633941 0.003817024 -0.760161236
L6_4077 357.0988341 224.0532959 7.54371E-05 -0.757473967
L6_4189 360.1353888 230.0140252 0.00404135 -0.754786698
L6_4190 363.7792545 224.4039271 -0.00042703 -0.752099429
L6_4303 366.8158092 230.3646564 0.003606192 -0.750083977
L6_4304 370.4596748 224.7545582 -0.000350082 -0.747396708
L6_4398 296.9750508 348.5273492 0.003571359 0.433658045
L6_4406 326.125976 303.6465638 -0.003442275 0.469936177
L6_4407 329.7698417 298.0364656 -0.003435051 0.473967081
L6_4408 333.4137073 292.4263675 -0.002631073 0.480013436
L6_4419 373.4962295 230.7152875 0.003854074 -0.745381256
L6_4420 377.1400952 225.1051893 0.000117696 -0.742693987
L6_4514 300.0116055 354.4880785 0.000754582 0.43231441
L6_4516 307.2993368 343.2678822 -0.000680802 0.441048035
L6_4517 310.9432025 337.657784 -0.000746272 0.446422573
L6_4518 314.5870681 332.0476858 -0.000949772 0.451125294
L6_4519 318.2309338 326.4375877 -0.001169926 0.45448438
L6_4520 321.8747994 320.8274895 0.000764762 0.459187101
L6_4521 325.5186651 315.2173913 0.00035482 0.463889822
L6_4522 329.1625308 309.6072931 0.00028553 0.467920726
L6_4523 332.8063964 303.997195 0.000541754 0.472623446
L6_4524 336.4502621 298.3870968 0.000979742 0.477997985
L6_4525 340.0941277 292.7769986 0.000901548 0.482028888
L6_4526 343.7379934 287.1669004 0.001172985 0.486059792
L6_4527 347.381859 281.5568022 0.001000887 0.490762513
L6_4528 351.0257247 275.9467041 -0.001379548 0.495465233
L6_4537 383.8205156 225.4558205 0.000329113 -0.737319449
L6_4630 299.4042946 366.058906 -0.000402157 0.424252603
L6_4631 303.0481602 360.4488079 0.002297721 0.426939872
L6_4633 310.3358915 349.2286115 0.003118861 0.4397044
L6_4634 313.9797572 343.6185133 0.003200494 0.443735304
L6_4635 317.6236228 338.0084151 0.002681717 0.449109842
L6_4636 321.2674885 332.398317 0.002387719 0.452468928
L6_4637 324.9113542 326.7882188 0.002889316 0.456499832
L6_4638 328.5552198 321.1781206 0.00316097 0.460530736
L6_4639 332.1990855 315.5680224 0.00351362 0.464561639
L6_4640 335.8429511 309.9579243 0.003812437 0.470607995
L6_4641 339.4868168 304.3478261 0.004197386 0.475982533
L6_4642 343.1306824 298.7377279 0.004691669 0.480685254
L6_4643 346.7745481 293.1276297 0.004706985 0.485387974
L6_4644 350.4184137 287.5175316 0.004739398 0.489418878
L6_4645 354.0622794 281.9074334 0.002968264 0.496137051
L6_4646 357.706145 276.2973352 0.000280848 0.500839772
L6_4655 390.5009359 225.8064516 -0.000360784 -0.732616728
L6_4748 298.7969836 377.6297335 -0.001500783 0.415518979
L6_4749 302.4408493 372.0196353 0.000968077 0.419549882
L6_4750 306.0847149 366.4095372 0.003249499 0.422237151
L6_4765 360.7426998 282.2580645 0.003984145 0.500167954
L6_4766 364.3865654 276.6479663 0.001028215 0.504198858
L6_4767 368.0304311 271.0378682 -0.002661907 0.507557944
L6_4775 397.1813563 226.1570827 -0.001913803 -0.726570373
L6_4865 290.9019414 400.4207574 -0.003585529 0.399395364
L6_4866 294.545807 394.8106592 -0.001653669 0.404098085
L6_4867 298.1896727 389.200561 -0.000560819 0.408128989
L6_4868 301.8335383 383.5904628 0.000623925 0.411488075
L6_4869 305.477404 377.9803647 0.003008026 0.415518979
L6_4886 367.4231201 282.6086957 0.005119551 0.506886127
L6_4887 371.0669858 276.9985975 0.001343446 0.509573396
L6_4888 374.7108514 271.3884993 -0.002434032 0.512260665
L6_4895 400.217911 232.1178121 0.0015167 -0.723883104
L6_4896 403.8617767 226.5077139 -0.002348015 -0.721867652
L6_4985 286.6507648 417.601683 -0.003069193 0.387302654
L6_4986 290.2946304 411.9915849 -0.002263611 0.39066174
L6_4987 293.9384961 406.3814867 -0.000757792 0.396708095
L6_4988 297.5823617 400.7713885 0.000420307 0.400067182
L6_4989 301.2262274 395.1612903 0.002303573 0.404769903
L6_4990 304.8700931 389.5511921 0.003693553 0.409472623
L6_4991 308.5139587 383.941094 0.005048162 0.411488075
L6_5009 374.1035405 282.9593268 0.005347666 0.511588848
L6_5010 377.7474061 277.3492286 0.001587349 0.514276117
L6_5011 381.3912718 271.7391304 -0.002206423 0.516291569
L6_5018 406.8983314 232.4684432 0.000988887 -0.7198522
L6_5107 286.0434538 429.1725105 -0.002660601 0.380584481
L6_5108 289.6873195 423.5624123 -0.000361318 0.383943567
L6_5109 293.3311852 417.9523142 0.000894887 0.387974471
L6_5110 296.9750508 412.342216 0.00201187 0.392005375
L6_5111 300.6189165 406.7321178 0.003605278 0.39805173
L6_5112 304.2627821 401.1220196 0.004879951 0.400067182
L6_5113 307.9066478 395.5119215 0.00670761 0.406785354
L6_5133 380.7839609 283.3099579 0.00558466 0.516291569
L6_5134 384.4278265 277.6998597 0.001836444 0.51830702
L6_5135 388.0716922 272.0897616 -0.001955742 0.52099429
L6_5142 413.5787517 232.8190743 0.001254425 -0.714477662
L6_5231 285.4361429 440.743338 -0.002400462 0.372522674
L6_5232 289.0800086 435.1332398 0.000104411 0.376553577
L6_5233 292.7238742 429.5231417 0.001857776 0.379912664
L6_5234 296.3677399 423.9130435 0.004278356 0.383943567
L6_5235 300.0116055 418.3029453 0.005206998 0.389989923
L6_5259 387.4643812 283.6605891 0.005826691 0.520322472
L6_5260 391.1082469 278.0504909 0.002050662 0.523009741
L6_5261 394.7521125 272.4403927 -0.001727634 0.52569701
L6_5268 420.2591721 233.1697055 0.000804887 -0.710446758
L6_5356 284.828832 452.3141655 -0.0028102 0.365132684
L6_5357 288.4726976 446.7040673 -0.000406227 0.36849177
L6_5358 292.1165633 441.0939691 0.002094713 0.372522674
L6_5359 295.7604289 435.483871 0.004553391 0.376553577
L6_5386 394.1448016 284.0112202 0.006054675 0.525025193
L6_5387 397.7886672 278.401122 0.002289339 0.528384279
L6_5388 401.4325329 272.7910238 -0.00151221 0.530399731
L6_5395 426.9395925 233.5203366 0.000351919 -0.705744038
L6_5482 280.5776554 469.4950912 -0.004327443 0.35371179
L6_5483 284.221521 463.884993 -0.002539623 0.357070877
L6_5484 287.8653867 458.2748948 -0.000784306 0.36110178
L6_5485 291.5092523 452.6647966 0.001700734 0.364460867
L6_5486 295.153118 447.0546985 0.004133934 0.36849177
L6_5516 404.4690876 278.7517532 0.002540117 0.532415183
L6_5517 408.1129533 273.141655 -0.001250772 0.535102452
L6_5523 429.9761472 239.4810659 0.00368231 -0.703056769
L6_5524 433.6200128 233.8709677 -0.00042546 -0.701041317
L6_5610 279.9703444 481.0659187 -0.002035857 0.344978166
L6_5611 283.6142101 475.4558205 -0.001393904 0.347665435
L6_5612 287.2580757 469.8457223 0.000201998 0.353039973
L6_5613 290.9019414 464.2356241 0.00152373 0.357742694
L6_5614 294.545807 458.6255259 0.003734253 0.360429963
L6_5615 298.1896727 453.0154278 0.006173789 0.364460867
L6_5646 411.149508 279.1023843 0.001881609 0.539133356
L6_5647 414.7933736 273.4922861 -0.002416068 0.539805173
L6_5653 436.6565675 239.8316971 0.002727836 -0.69768223
L6_5654 440.3004332 234.2215989 -0.001211689 -0.696338596
L6_5740 279.3630335 492.6367461 -0.001126494 0.336916359
L6_5741 283.0068991 487.026648 0.000676689 0.340947262
L6_5742 286.6507648 481.4165498 0.002019162 0.345649983
L6_5743 290.2946304 475.8064516 0.002524269 0.349680887
L6_5744 293.9384961 470.1963534 0.004253707 0.354383608
L6_5745 297.5823617 464.5862553 0.005863435 0.357742694
L6_5778 417.8299283 279.4530154 0.000325084 0.543164259
L6_5785 443.3369879 240.1823282 0.002818866 -0.693651327
L6_5786 446.9808536 234.57223 -0.000959287 -0.690964058
L6_5872 278.7557225 504.2075736 -0.001712148 0.330198186
L6_5873 282.3995882 498.5974755 0.000978382 0.332885455
L6_5874 286.0434538 492.9873773 0.00338829 0.336916359
L6_5875 289.6873195 487.3772791 0.00476809 0.342290897
L6_5876 293.3311852 481.7671809 0.00614264 0.346993618
L6_5911 420.866483 285.4137447 0.003715914 0.546523346
L6_5912 424.5103487 279.8036466 -0.00035442 0.548538797
L6_5919 450.0174083 240.5329593 0.003045343 -0.688948606
L6_5920 453.6612739 234.9228612 0.000758578 -0.686261337
L6_6006 281.7922772 510.1683029 -0.001128878 0.326167282
L6_6007 285.4361429 504.5582048 0.002317249 0.327510917
L6_6046 427.5469034 285.7643759 0.003215232 0.550554249
L6_6047 431.1907691 280.1542777 0.000582446 0.552569701
L6_6054 456.6978286 240.8835905 0.003287155 -0.683574068
L6_6055 460.3416943 235.2734923 -0.001025035 -0.682230433
L6_6142 284.828832 516.1290323 -0.000144007 0.321464562
L6_6143 288.4726976 510.5189341 0.002867276 0.323480013
L6_6183 434.2273238 286.115007 0.002156135 0.555928787
L6_6184 437.8711894 280.5049088 -0.002095255 0.556600605
L6_6191 463.378249 241.2342216 0.002797033 -0.677527712
L6_6192 467.0221147 235.6241234 -0.001596224 -0.676855895
L6_6278 284.221521 527.6998597 -0.003108482 0.316090024
L6_6279 287.8653867 522.0897616 0.000584501 0.317433658
L6_6280 291.5092523 516.4796634 0.003717682 0.320792744
L6_6321 440.9077441 286.4656381 0.000797694 0.561975143
L6_6322 444.5516098 280.85554 -0.003475948 0.563318777
L6_6329 470.0586694 241.5848527 0.002408688 -0.674840443
L6_6330 473.702535 235.9747546 -0.001440132 -0.672153174
L6_6417 287.2580757 533.6605891 -0.004251517 0.310043668
L6_6418 290.9019414 528.0504909 -7.40976E-05 0.312730937
L6_6419 294.545807 522.4403927 0.004108006 0.31205912
L6_6460 443.9442989 292.4263675 0.00361348 0.565334229
L6_6461 447.5881645 286.8162693 -0.000842006 0.566006046
L6_6469 476.7390897 241.9354839 0.001312053 -0.669465905
L6_6557 290.2946304 539.6213184 -0.004539874 0.306012765
L6_6558 293.9384961 534.0112202 -0.000713176 0.307356399
L6_6559 297.5823617 528.401122 0.002973312 0.309371851
L6_6601 450.6247192 292.7769986 0.002455001 0.57003695
L6_6602 454.2685849 287.1669004 -0.001911859 0.570708767
L6_6610 483.4195101 242.286115 0.000341142 -0.665435002
L6_6699 293.3311852 545.5820477 -0.004804318 0.300638226
L6_6700 296.9750508 539.9719495 -0.000688836 0.303325495
L6_6701 300.6189165 534.3618513 0.00300869 0.305340947
L6_6744 457.3051396 293.1276297 0.001367623 0.574067854
L6_6745 460.9490052 287.5175316 -0.003011595 0.575411488
L6_6753 490.0999305 242.6367461 -0.000918315 -0.658716829
L6_6843 300.0116055 545.9326788 -0.000912983 0.299294592
L6_6844 303.6554712 540.3225806 0.002702026 0.301310044
L6_6888 463.98556 293.4782609 0.00032145 0.578098757
L6_6896 493.1364852 248.5974755 0.002418585 -0.656701377
L6_6897 496.7803508 242.9873773 -0.001360143 -0.654014108
L6_6988 303.0481602 551.8934081 -0.001313234 0.293920054
L6_6989 306.6920259 546.28331 0.002526667 0.29727914
L6_7033 467.0221147 299.4389902 0.002982227 0.580114209
L6_7034 470.6659803 293.828892 -0.001368098 0.581457843
L6_7042 499.8169056 248.9481066 0.001984405 -0.651998656
L6_7043 503.4607712 243.3380084 -0.001814965 -0.649311387
L6_7134 306.0847149 557.8541374 -0.001408874 0.28988915
L6_7135 309.7285806 552.2440393 0.002179894 0.291904602
L6_7180 473.702535 299.7896213 0.001218794 0.585488747
L6_7181 477.3464007 294.1795231 -0.003012083 0.586160564
L6_7189 506.4973259 249.2987377 0.000935589 -0.646624118
L6_7190 510.1411916 243.6886396 -0.002897999 -0.644608666
L6_7282 309.1212697 563.8148668 -0.001754893 0.285858247
L6_7283 312.7651353 558.2047686 0.002214841 0.287873698
L6_7328 476.7390897 305.7503506 0.004538388 0.587504199
L6_7329 480.3829554 300.1402525 0.000425115 0.590863285
L6_7330 484.026821 294.5301543 -0.003738926 0.59220692
L6_7338 513.1777463 249.6493689 0.000452305 -0.642593215
L6_7339 516.8216119 244.0392707 -0.003550292 -0.640577763
L6_7431 312.1578244 569.7755961 -0.00225141 0.281155526
L6_7432 315.80169 564.1654979 0.001727431 0.28249916
L6_7433 319.4455557 558.5553997 0.005825503 0.285186429
L6_7478 483.4195101 306.1009818 0.003449046 0.592878737
L6_7479 487.0633758 300.4908836 -0.000344673 0.594894189
L6_7487 516.214301 255.6100982 0.003618665 -0.637890494
L6_7488 519.8581666 250 -0.000678541 -0.637218677
L6_7489 523.5020323 244.3899018 -0.004748259 -0.636546859
L6_7581 315.1943791 575.7363254 -0.002604098 0.275780988
L6_7582 318.8382447 570.1262272 0.001367379 0.278468257
L6_7583 322.4821104 564.516129 0.005295133 0.280483708
L6_7629 490.0999305 306.4516129 0.002646985 0.598925092
L6_7630 493.7437961 300.8415147 -0.001460287 0.600268727
L6_7638 522.8947214 255.9607293 0.002661826 -0.635203225
L6_7639 526.538587 250.3506311 -0.001150617 -0.631172321
L6_7733 318.2309338 581.6970547 -0.002776959 0.272421901
L6_7734 321.8747994 576.0869565 0.000849503 0.274437353
L6_7782 496.7803508 306.802244 0.001461975 0.602955996
L6_7783 500.4242165 301.1921459 0.002574008 0.604299631
L6_7791 529.5751417 256.3113604 0.002242865 -0.629156869
L6_7792 533.2190074 250.7012623 -0.001551325 -0.627141418
L6_7886 321.2674885 587.657784 -0.003078321 0.268390998
L6_7887 324.9113542 582.0476858 0.000613101 0.270406449
L6_7935 499.8169056 312.7629734 0.004774334 0.606315082
L6_7936 503.4607712 307.1528752 0.000834091 0.6069869
L6_7937 507.1046369 301.542777 -0.003649248 0.607658717
L6_7945 536.2555621 256.6619916 0.001796595 -0.625125966
L6_7946 539.8994277 251.0518934 -0.002070713 -0.622438697
L6_8041 324.3040432 593.6185133 -0.003336951 0.26301646
L6_8042 327.9479089 588.0084151 0.000636847 0.265703729
L6_8091 506.4973259 313.1136045 0.003580665 0.610345986
L6_8092 510.1411916 307.5035063 -0.000836088 0.611017803
L6_8101 542.9359825 257.0126227 0.000681656 -0.619751428
L6_8102 546.5798481 251.4025245 -0.003265937 -0.618407793
L6_8197 327.3405979 599.5792426 -0.003577862 0.258985556
L6_8198 330.9844636 593.9691445 2.32088E-05 0.261001008
L6_8199 334.6283292 588.3590463 0.004176776 0.263688277
L6_8248 513.1777463 313.4642356 0.002330395 0.614376889
L6_8249 516.8216119 307.8541374 -0.001891019 0.616392341
L6_8257 545.9725372 262.973352 0.004013043 -0.617735976
L6_8258 549.6164028 257.3632539 0.000480669 -0.615048707
L6_8357 334.0210183 599.9298738 4.91826E-05 0.256970104
L6_8358 337.6648839 594.3197756 0.003969642 0.259657373
L6_8407 516.214301 319.4249649 0.005009959 0.619751428
L6_8408 519.8581666 313.8148668 0.000555672 0.619751428
L6_8409 523.5020323 308.2047686 -0.003633681 0.620423245
L6_8417 552.6529575 263.3239832 0.001578604 -0.611017803
L6_8418 556.2968232 257.713885 -0.002216657 -0.607658717
L6_8516 333.4137073 611.5007013 -0.004732988 0.249580114
L6_8517 337.057573 605.8906031 0.000599571 0.252939201
L6_8518 340.7014387 600.2805049 0.003363127 0.254954652
L6_8568 522.8947214 319.7755961 0.003293135 0.623110514
L6_8569 526.538587 314.1654979 -0.000667257 0.625125966
L6_8578 559.3333779 263.6746143 0.001810757 -0.605643265
L6_8579 562.9772436 258.0645161 -0.001972168 -0.602955996
L6_8678 336.4502621 617.4614306 -0.005324059 0.246221028
L6_8679 340.0941277 611.8513324 -0.001384667 0.248908297
L6_8680 343.7379934 606.2412342 0.002775333 0.250251931
L6_8731 529.5751417 320.1262272 0.00211956 0.627813235
L6_8732 533.2190074 314.516129 -0.002237626 0.628485052
L6_8741 566.0137983 264.0252454 0.002032433 -0.600268727
L6_8742 569.6576639 258.4151473 -0.002062962 -0.598253275
L6_8842 343.1306824 617.8120617 0.001749038 0.243533759
L6_8843 346.7745481 612.2019635 0.002221172 0.245549211
L6_8894 532.6116964 326.0869565 0.004851634 0.630500504
L6_8895 536.2555621 320.4768583 0.000593934 0.63385959
L6_8896 539.8994277 314.8667602 -0.003677117 0.634531407
L6_8905 572.6942186 264.3758766 0.00094689 -0.594894189
L6_8906 576.3380843 258.7657784 -0.00324949 -0.594222372
L6_9007 346.1672371 623.772791 -0.00223296 0.240174672
L6_9008 349.8111028 618.1626928 0.001970542 0.241518307
L6_9060 539.2921168 326.4375877 0.002939893 0.637890494
L6_9061 542.9359825 320.8274895 0.001460164 0.638562311
L6_9062 546.5798481 315.2173913 -0.005508271 0.639905946
L6_9070 575.7307733 270.3366059 0.004204482 -0.590191468
L6_9071 579.374639 264.7265077 -0.000311619 -0.590191468
L6_9072 583.0185047 259.1164095 -0.004442536 -0.589519651
L6_9173 349.2037918 629.7335203 -0.002597532 0.2334565
L6_9174 352.8476575 624.1234222 0.001373899 0.236815586
L6_9226 542.3286715 332.398317 0.005920678 0.640577763
L6_9227 545.9725372 326.7882188 0.001816186 0.642593215
L6_9228 549.6164028 321.1781206 -0.002580505 0.643936849
L6_9237 582.4111937 270.687237 0.002506802 -0.586160564
L6_9238 586.0550594 265.0771388 -0.001890741 -0.586832382
L6_9341 355.8842122 630.0841515 0.001267108 0.232784683
L6_9394 549.0090919 332.7489481 0.004727227 0.644608666
L6_9395 552.6529575 327.1388499 0.000799834 0.645952301
L6_9396 556.2968232 321.5287518 -0.003681084 0.647967753
L6_9405 589.0916141 271.0378682 6.65985E-05 -0.581457843
L6_9510 358.9207669 636.0448808 -0.001009185 0.228081962
L6_9564 555.6895122 333.0995792 0.0035373 0.64863957
L6_9565 559.3333779 327.4894811 -0.000409627 0.651326839
L6_9575 595.7720344 271.3884993 -0.002481087 -0.576755123
L6_9735 562.3699326 333.4502104 0.00197709 0.654685925
L6_9736 566.0137983 327.8401122 -0.002229449 0.655357743
L6_9745 598.8085892 277.3492286 -0.000455719 -0.572724219
L6_9907 565.4064873 339.4109397 0.004438035 0.657373194
L6_9908 569.050353 333.8008415 0.000539082 0.659388646
L6_9909 572.6942186 328.1907433 -0.004065346 0.660732281
L6_9917 601.8451439 283.3099579 0.003568838 -0.570708767
L6_9918 605.4890095 277.6998597 -0.00038547 -0.568693315
L6_10081 572.0869077 339.7615708 0.003196292 0.66341955
L6_10082 575.7307733 334.1514727 -0.001254975 0.664091367
L6_10091 608.5255642 283.6605891 0.003816215 -0.566006046
L6_10092 612.1694299 278.0504909 0.000118773 -0.563990595
L6_10093 615.8132955 272.4403927 -0.003165271 -0.559959691
L6_10257 578.7673281 340.112202 0.001427597 0.667450453
L6_10258 582.4111937 334.5021038 -0.002854167 0.668122271
L6_10267 615.2059846 284.0112202 0.004040812 -0.561975143
L6_10268 618.8498502 278.401122 0.000946688 -0.558616056
L6_10269 622.4937159 272.7910238 -0.002182512 -0.555928787
L6_10433 581.8038828 346.0729313 0.003713732 0.671481357
L6_10434 585.4477484 340.4628331 0.000469805 0.672153174
L6_10435 589.0916141 334.8527349 -0.004362351 0.674168626
L6_10444 621.886405 284.3618513 0.004946408 -0.556600605
L6_10445 625.5302706 278.7517532 0.001875416 -0.553913336
L6_10446 629.1741363 273.141655 -0.001253937 -0.551226067
L6_10558 391.7155578 649.368864 0.001590341 0.204568357
L6_10612 588.4843031 346.4235624 0.002854197 0.676855895
L6_10613 592.1281688 340.8134642 -0.001471474 0.677527712
L6_10624 632.210691 279.1023843 0.002759685 -0.549210615
L6_10625 635.8545566 273.4922861 0.001164294 -0.547195163
L6_10737 394.7521125 655.3295933 0.001230716 0.200537454
L6_10738 398.3959782 649.7194951 0.00517043 0.202552906
L6_10792 595.1647235 346.7741935 0.001867034 0.679543164
L6_10793 598.8085892 341.1640954 0.00198114 0.682230433
L6_10804 638.8911113 279.4530154 0.000313012 -0.543164259
L6_10917 394.1448016 666.9004208 -0.002659693 0.193819281
L6_10918 397.7886672 661.2903226 0.001217384 0.197850185
L6_10973 598.2012782 352.7349229 0.00428713 0.686261337
L6_10974 601.8451439 347.1248247 0.000133625 0.686933154
L6_10975 605.4890095 341.5147265 -0.004263203 0.68558952
L6_11100 400.8252219 667.2510519 0.001237761 0.193147464
L6_11156 604.8816986 353.085554 0.002074451 0.689620423
L6_11157 608.5255642 347.4754558 -0.001981652 0.691635875
L6_11168 648.6080864 285.7643759 0.001850117 -0.534430635
L6_11284 403.8617767 673.2117812 0.00125884 0.18911656
L6_11340 607.9182533 359.0462833 0.005166763 0.694323144
L6_11341 611.5621189 353.4361851 0.001008703 0.694994961
L6_11342 615.2059846 347.826087 -0.003171655 0.695666779
L6_11352 651.6446411 291.7251052 -0.000959763 -0.529727914
L6_11470 406.8983314 679.1725105 -0.000134525 0.183742022
L6_11527 614.5986737 359.3969144 0.003734596 0.699697682
L6_11528 618.2425393 353.7868163 -0.000831166 0.699697682
L6_11529 621.886405 348.1767181 -0.004977278 0.700369499
L6_11538 654.6811958 297.6858345 -0.000503965 -0.52569701
L6_11657 409.9348861 685.1332398 -0.003448877 0.18172657
L6_11658 413.5787517 679.5231417 0.00042746 0.179039301
L6_11714 617.6352284 365.3576438 0.005437722 0.707087672
L6_11715 621.279094 359.7475456 0.001647725 0.703728586
L6_11716 624.9229597 354.1374474 -0.002748537 0.703056769
L6_11725 657.7177506 303.6465638 -0.000537489 -0.52099429
L6_11847 416.6153064 685.483871 -0.00235475 0.17702385
L6_11848 420.2591721 679.8737728 0.001660131 0.175680215
L6_11904 624.3156487 365.7082749 0.001865112 0.709774941
L6_11905 627.9595144 360.0981767 -0.002078513 0.706415855
L6_11914 660.7543053 309.6072931 -0.000311208 -0.514947934
L6_11915 664.3981709 303.997195 -0.003995272 -0.517635203
L6_12037 419.6518612 691.4446003 -0.005222885 0.172321129
L6_12038 423.2957268 685.8345021 -0.000733603 0.172321129
L6_12039 426.9395925 680.2244039 0.003269836 0.170977494
L6_12040 430.5834581 674.6143058 0.007626553 0.170977494
L6_12094 627.3522034 371.6690042 0.00179268 0.716493114
L6_12095 630.9960691 366.058906 -0.001870518 0.711790393
L6_12096 634.6399348 360.4488079 -0.005660018 0.709103124
L6_12104 663.79086 315.5680224 0.001330251 -0.510917031
L6_12105 667.4347256 309.9579243 0.003082431 -0.512260665
L6_12230 426.3322815 691.7952314 -0.003919094 0.170305677
L6_12231 429.9761472 686.1851332 -0.000125404 0.168290225
L6_12232 433.6200128 680.5750351 0.003803618 0.166946591
L6_12286 630.3887582 377.6297335 0.001539639 0.719180383
L6_12287 634.0326238 372.0196353 -0.002141182 0.717164931
L6_12288 637.6764895 366.4095372 -0.005442922 0.713134028
L6_12296 666.8274147 321.5287518 0.002725615 -0.50621431
L6_12297 670.4712803 315.9186536 0.001712366 -0.507557944
L6_12424 433.0127019 692.1458626 -0.00345709 0.166274773
L6_12425 436.6565675 686.5357644 0.000387948 0.163587504
L6_12426 440.3004332 680.9256662 0.004644313 0.163587504
L6_12479 633.4253129 383.5904628 0.002434078 0.725898556
L6_12480 637.0691785 377.9803647 -0.001942519 0.723211287
L6_12481 640.7130442 372.3702665 -0.005885934 0.721867652
L6_12490 673.5078351 321.8793829 -0.00034043 -0.501511589
L6_12491 677.1517007 316.2692847 -0.004112428 -0.500839772
L6_12619 436.0492566 698.1065919 -0.005728274 0.159556601
L6_12620 439.6931223 692.4964937 -0.001585288 0.159556601
L6_12621 443.3369879 686.8863955 0.002615436 0.160900235
L6_12622 446.9808536 681.2762973 0.007105832 0.160900235
L6_12674 636.4618676 389.5511921 0.003500901 0.727914007
L6_12675 640.1057332 383.941094 -0.000714929 0.728585825
L6_12676 643.7495989 378.3309958 -0.005139956 0.728585825
L6_12685 676.5443898 327.8401122 0.002061509 -0.497480685
L6_12686 680.1882554 322.230014 -0.002371551 -0.498152503
L6_12816 442.729677 698.457223 0.003673545 0.153510245
L6_12817 446.3735426 692.8471248 0.000814162 0.156869332
L6_12818 450.0174083 687.2370266 0.005133416 0.157541149
L6_12819 453.6612739 681.6269285 0.009604037 0.157541149
L6_12871 643.1422879 389.9018233 0.001281249 0.731273094
L6_12872 646.7861536 384.2917251 -0.003116099 0.731944911
L6_12881 679.5809445 333.8008415 0.003434579 -0.493449782
L6_12882 683.2248101 328.1907433 -0.000832767 -0.494793416
L6_13014 445.7662317 704.4179523 -0.003642893 0.149479342
L6_13015 449.4100973 698.8078541 0.000304252 0.152166611
L6_13016 453.053963 693.197756 0.003604763 0.155525697
L6_13017 456.6978286 687.5876578 0.007677406 0.155525697
L6_13018 460.3416943 681.9775596 0.012053483 0.155525697
L6_13069 646.1788427 395.8625526 0.003977012 0.733960363
L6_13070 649.8227083 390.2524544 0.000207248 0.737319449
L6_13071 653.466574 384.6423562 -0.004282661 0.739334901
L6_13080 686.2613649 334.1514727 0.000919058 -0.490090695
L6_13081 689.9052305 328.5413745 -0.003504602 -0.490762513
L6_13213 448.8027864 710.3786816 -0.003500834 0.144104803
L6_13214 452.446652 704.7685835 0.000337953 0.148135707
L6_13215 456.0905177 699.1584853 0.003916618 0.150151159
L6_13216 459.7343834 693.5483871 0.007807079 0.152838428
L6_13217 463.378249 687.9382889 0.011368576 0.155525697
L6_13218 467.0221147 682.3281907 0.015355333 0.155525697
L6_13269 652.859263 396.2131837 0.003174909 0.740678535
L6_13270 656.5031287 390.6030856 -0.00099607 0.74202217
L6_13279 689.2979196 340.112202 0.002304111 -0.484716157
L6_13280 692.9417852 334.5021038 -0.001793443 -0.485387974
L6_13413 451.8393411 716.3394109 -0.002936472 0.140745717
L6_13414 455.4832068 710.7293128 0.000372092 0.143432986
L6_13415 459.1270724 705.1192146 0.003950936 0.145448438
L6_13416 462.7709381 699.5091164 0.007839884 0.148807524
L6_13417 466.4148037 693.8990182 0.011698923 0.150151159
L6_13418 470.0586694 688.2889201 0.015490065 0.155525697
L6_13470 659.5396834 396.5638149 0.002387203 0.747396708
L6_13471 663.183549 390.9537167 -0.002010425 0.746724891
L6_13480 695.9783399 340.4628331 -0.000361171 -0.481357071
L6_13481 699.6222056 334.8527349 -0.004647651 -0.482700705
L6_13615 454.8758958 722.3001403 -0.002777972 0.136042996
L6_13616 458.5197615 716.6900421 0.000946796 0.138730265
L6_13617 462.1636271 711.0799439 0.004337095 0.142089352
L6_13618 465.8074928 705.4698457 0.008112553 0.145448438
L6_13619 469.4513584 699.8597475 0.011732942 0.145448438
L6_13620 473.0952241 694.2496494 0.015612747 0.148807524
L6_13673 666.2201038 396.914446 0.000807425 0.750755794
L6_13674 669.8639694 391.3043478 -0.003394076 0.751427612
L6_13682 699.0148946 346.4235624 0.002104654 -0.477326167
L6_13683 702.6587603 340.8134642 -0.002186038 -0.47665435
L6_13818 457.9124505 728.2608696 -0.002570919 0.133355727
L6_13819 461.5563162 722.6507714 0.00107156 0.135371179
L6_13820 465.2001818 717.0406732 0.00461553 0.137386631
L6_13821 468.8440475 711.430575 0.008517803 0.138730265
L6_13822 472.4879131 705.8204769 0.012081449 0.142089352
L6_13823 476.1317788 700.2103787 0.015762583 0.145448438
L6_13876 669.2566585 402.8751753 0.003171037 0.75680215
L6_13877 672.9005241 397.2650771 -0.000780886 0.755458515
L6_13885 702.0514494 352.3842917 0.004484401 -0.474638898
L6_13886 705.695315 346.7741935 -0.000254779 -0.473295264
L6_14024 464.5928709 728.6115007 0.000476198 0.130668458
L6_14025 468.2367365 723.0014025 0.004863576 0.131340275
L6_14026 471.8806022 717.3913043 0.008826313 0.135371179
L6_14027 475.5244679 711.7812062 0.012398744 0.137386631
L6_14082 675.9370788 403.2258065 0.000730025 0.760161236
L6_14083 679.5809445 397.6157083 0.003803054 0.758817602
L6_14091 708.7318697 352.7349229 0.002387005 -0.46926436
L6_14092 712.3757354 347.1248247 0.001948016 -0.468592543
L6_14230 467.6294256 734.57223 -0.000458006 0.126637555
L6_14231 471.2732913 728.9621318 0.003522377 0.127981189
L6_14232 474.9171569 723.3520337 0.007876859 0.127981189
L6_14233 478.5610226 717.7419355 0.012269737 0.128653006
L6_14288 678.9736335 409.1865358 0.002508303 0.764863957
L6_14289 682.6174992 403.5764376 0.00195751 0.763520322
L6_14298 715.4122901 353.085554 -0.000282884 -0.465233457
L6_14438 470.6659803 740.5329593 -0.002313972 0.122606651
L6_14439 474.309846 734.9228612 0.001649746 0.123278468
L6_14440 477.9537116 729.312763 0.006143837 0.123278468
L6_14441 481.5975773 723.7026648 0.010638019 0.123278468
L6_14497 685.6540539 409.5371669 0.000388199 0.768223043
L6_14506 718.4488448 359.0462833 0.001256997 -0.460530736
L6_14507 722.0927104 353.4361851 -0.002698833 -0.46187437
L6_14648 473.702535 746.4936886 0.004685839 0.118575747
L6_14649 477.3464007 740.8835905 0.000446009 0.118575747
L6_14650 480.9902663 735.2734923 0.0040729 0.11790393
L6_14651 484.634132 729.6633941 0.008504848 0.11790393
L6_14652 488.2779976 724.0532959 0.012979677 0.11790393
L6_14707 688.6906086 415.4978962 0.001027555 0.77158213
L6_14708 692.3344743 409.887798 -0.003064291 0.770910312
L6_14716 721.4853995 365.0070126 0.003514329 -0.458515284
L6_14717 725.1292652 359.3969144 0.000860071 -0.456499832
L6_14861 480.3829554 746.8443198 -0.002801859 0.115888478
L6_14862 484.026821 741.2342216 0.001186417 0.114544844
L6_14863 487.6706867 735.6241234 0.005534955 0.114544844
L6_14864 491.3145524 730.0140252 0.010012967 0.114544844
L6_14919 691.7271633 421.4586255 0.003115049 0.775613033
L6_14920 695.371029 415.8485273 -0.001202836 0.776284851
L6_14929 728.1658199 365.3576438 0.001070501 -0.451797111
L6_14930 731.8096855 359.7475456 -0.003365272 -0.452468928
L6_15075 487.0633758 747.1949509 -0.00147522 0.112529392
L6_15076 490.7072414 741.5848527 0.002927797 0.111857575
L6_15077 494.3511071 735.9747546 0.006739262 0.107826671
L6_15133 698.4075837 421.8092567 0.000418117 0.780987571
L6_15134 702.0514494 416.1991585 -0.003821656 0.780315754
L6_15142 731.2023746 371.3183731 0.002535437 -0.447766208
L6_15143 734.8462402 365.7082749 -0.001513775 -0.448438025
L6_15291 493.7437961 747.545582 -0.001052518 0.107826671
L6_15292 497.3876618 741.9354839 0.002743004 0.105811219
L6_15348 701.4441384 427.769986 0.002134384 0.785018475
L6_15349 705.0880041 422.1598878 -0.002043251 0.785690292
L6_15357 734.2389293 377.2791024 0.003883796 -0.441719852
L6_15358 737.8827949 371.6690042 -0.000235898 -0.443063487
L6_15359 741.5266606 366.058906 0.004501931 -0.444407121
L6_15507 496.7803508 753.5063114 -0.005045028 0.105811219
L6_15508 500.4242165 747.8962132 -0.001217879 0.102452133
L6_15509 504.0680821 742.286115 0.003236324 0.10312395
L6_15565 708.1245588 428.1206171 0.000116485 0.789049379
L6_15566 711.7684244 422.5105189 -0.003937816 0.788377561
L6_15574 740.9193497 377.6297335 0.000840274 -0.439032583
L6_15575 744.5632153 372.0196353 -0.003120812 -0.440376218
L6_15725 503.4607712 753.8569425 -0.003951436 0.101108498
L6_15726 507.1046369 748.2468443 0.000510843 0.099093047
L6_15782 711.1611135 434.0813464 0.002799239 0.792408465
L6_15783 714.8049791 428.4712482 -0.001589104 0.793080282
L6_15791 743.9559044 383.5904628 0.00277565 -0.43500168
L6_15792 747.59977 377.9803647 -0.001415392 -0.434329862
L6_15793 751.2436357 372.3702665 -0.005865287 -0.434329862
L6_15945 510.1411916 754.2075736 -0.002490594 0.09573396
L6_15946 513.7850572 748.5974755 0.001698042 0.095062143
L6_16002 717.8415339 434.4319776 0.000309121 0.797111186
L6_16011 750.6363247 383.941094 0.000677809 -0.430970776
L6_16012 754.2801904 378.3309958 -0.003490792 -0.430298959
L6_16166 516.8216119 754.5582048 -0.00172282 0.092374874
L6_16167 520.4654776 748.9481066 0.002074025 0.090359422
L6_16222 720.8780886 440.3927069 0.002400668 0.801142089
L6_16223 724.5219542 434.7826087 -0.001806822 0.801813907
L6_16231 753.6728795 389.9018233 0.003411689 -0.426939872
L6_16232 757.3167451 384.2917251 -0.001004467 -0.426268055
L6_16389 523.5020323 754.9088359 -0.001982635 0.087672153
L6_16390 527.145898 749.2987377 0.0018174 0.085656701
L6_16445 727.5585089 440.743338 0.000343081 0.80584481
L6_16454 760.3532998 390.2524544 0.001874499 -0.422237151
L6_16455 763.9971655 384.6423562 0.002353098 -0.421565334
L6_16613 530.1824527 755.259467 -0.00152289 0.08364125
L6_16614 533.8263183 749.6493689 0.002254034 0.080953981
L6_16668 730.5950636 446.7040673 0.000964572 0.811219348
L6_16669 734.2389293 441.0939691 -0.003408951 0.809875714
L6_16677 763.3898545 396.2131837 0.002844837 -0.415518979
L6_16678 767.0337202 390.6030856 0.001167484 -0.417534431
L6_16839 536.862873 755.6100982 -0.001085608 0.078938529
L6_16840 540.5067387 750 0.002707624 0.07625126
L6_16893 733.6316184 452.6647966 0.001447765 0.814578435
L6_16894 737.275484 447.0546985 -0.00255935 0.8132348
L6_16902 766.4264092 402.173913 0.004493678 -0.413503527
L6_16903 770.0702749 396.5638149 0.000381712 -0.41283171
L6_17066 543.5432934 755.9607293 -0.000714651 0.074235808
L6_17067 547.1871591 750.3506311 0.003126056 0.072220356
L6_17119 736.6681731 458.6255259 0.001621948 0.821296607
L6_17120 740.3120387 453.0154278 -0.00204701 0.819281156
L6_17129 773.1068296 402.5245442 0.001975369 -0.406785354
L6_17130 776.7506953 396.914446 -0.00231907 -0.409472623
L6_17294 546.5798481 761.9214586 -0.004090948 0.071548539
L6_17295 550.2237138 756.3113604 -0.000257573 0.070204904
L6_17296 553.8675794 750.7012623 0.003607184 0.068189452
L6_17347 739.7047278 464.5862553 0.001874416 0.825327511
L6_17348 743.3485934 458.9761571 -0.001721235 0.823312059
L6_17357 776.1433843 408.4852735 0.002163032 -0.402754451
L6_17358 779.78725 402.8751753 -0.001418711 -0.404769903
L6_17524 553.2602685 762.2720898 -0.003576576 0.067517635
L6_17525 556.9041341 756.6619916 0.000236036 0.065502183
L6_17526 560.5479998 751.0518934 0.004129151 0.064158549
L6_17576 742.7412825 470.5469846 0.002219889 0.832045684
L6_17577 746.3851481 464.9368864 -0.001602945 0.827342963
L6_17586 779.179939 414.4460028 0.002744091 -0.397379913
L6_17587 782.8238047 408.8359046 -0.000958081 -0.400067182
L6_17753 559.9406888 762.6227209 -0.003105879 0.063486732
L6_17754 563.5845545 757.0126227 0.000719663 0.060799463
L6_17755 567.2284202 751.4025245 0.004678306 0.060127645
L6_17804 745.7778372 476.5077139 0.002389964 0.836076587
L6_17805 749.4217029 470.8976157 -0.001208616 0.834061135
L6_17814 782.2164937 420.4067321 0.003012505 -0.393349009
L6_17815 785.8603594 414.7966339 0.000993815 -0.395364461
L6_17980 566.6211092 762.973352 -0.002681475 0.058784011
L6_17981 570.2649749 757.3632539 0.001113911 0.056768559
L6_17982 573.9088405 751.7531557 0.00486894 0.05408129
L6_18030 748.8143919 482.4684432 0.002979995 0.840779308
L6_18031 752.4582576 476.858345 -0.000826465 0.838763856
L6_18040 785.2530485 426.3674614 0.003563699 -0.388646288
L6_18041 788.8969141 420.7573633 0.000177109 -0.39066174
L6_18204 573.3015296 763.3239832 -0.002911981 0.054753107
L6_18205 576.9453952 757.713885 0.000864813 0.052065838
L6_18206 580.5892609 752.1037868 0.004641205 0.049378569
L6_18253 751.8509466 488.4291725 0.002948136 0.846153846
L6_18254 755.4948123 482.8190743 -0.000353948 0.84279476
L6_18264 791.9334688 426.7180926 -0.000194593 -0.385959019
L6_18265 795.5773345 421.1079944 -0.003956675 -0.389318105
L6_18427 579.9819499 763.6746143 -0.00314051 0.050050386
L6_18428 583.6258156 758.0645161 0.000756138 0.048034934
L6_18429 587.2696812 752.454418 0.005072489 0.045347665
L6_18475 754.8875013 494.3899018 0.003091753 0.848841115
L6_18476 758.531367 488.7798036 -0.000894105 0.848169298
L6_18477 762.1752326 483.1697055 -0.004563616 0.845482029
L6_18486 794.9700235 432.6788219 0.000828722 -0.381928116
L6_18487 798.6138892 427.0687237 -0.003587475 -0.382599933
L6_18646 586.6623703 764.0252454 -0.002713726 0.045347665
L6_18647 590.306236 758.4151473 0.001084426 0.043332214
L6_18648 593.9501016 752.8050491 0.005224234 0.042660396
L6_18693 757.924056 500.3506311 0.002884712 0.855559288
L6_18694 761.5679217 494.740533 -0.000419473 0.852200202
L6_18695 765.2117874 489.1304348 -0.0043581 0.849512932
L6_18704 798.0065782 438.6395512 0.002222178 -0.377897212
L6_18705 801.6504439 433.029453 -0.001896241 -0.379240846
L6_18865 593.3427907 764.3758766 -0.002279634 0.041316762
L6_18866 596.9866563 758.7657784 0.001501015 0.038629493
L6_18867 600.630522 753.1556802 0.005558369 0.037957676
L6_18911 760.9606108 506.3113604 0.002853154 0.859590191
L6_18912 764.6044764 500.7012623 -0.000962391 0.85757474
L6_18913 768.2483421 495.0911641 -0.004389257 0.853543836
L6_18922 801.043133 444.6002805 0.004076518 -0.371850857
L6_18923 804.6869986 438.9901823 0.000461585 -0.374538126
L6_19083 600.023211 764.7265077 -0.001831781 0.036614041
L6_19084 603.6670767 759.1164095 0.001950115 0.033926772
L6_19085 607.3109423 753.5063114 0.005913641 0.033254955
L6_19128 763.9971655 512.2720898 0.002529765 0.864292912
L6_19129 767.6410311 506.6619916 -0.000996735 0.862277461
L6_19130 771.2848968 501.0518934 -0.00466375 0.858918374
L6_19140 807.7235533 444.9509116 0.001991154 -0.369163588
L6_19141 811.367419 439.3408135 -0.002391891 -0.36849177
L6_19302 606.7036314 765.0771388 -0.00140959 0.03191132
L6_19303 610.3474971 759.4670407 0.002384957 0.029895868
L6_19304 613.9913627 753.8569425 0.006178466 0.027880417
L6_19346 767.0337202 518.2328191 0.00249427 0.868323816
L6_19347 770.6775858 512.6227209 -0.001155181 0.866308364
L6_19348 774.3214515 507.0126227 -0.004963205 0.862277461
L6_19359 814.4039737 445.3015428 -0.000542068 -0.364460867
L6_19520 613.3840518 765.42777 -0.001044653 0.027208599
L6_19521 617.0279174 759.8176718 0.002809823 0.025193147
L6_19522 620.6717831 754.2075736 0.006582415 0.022505878
L6_19563 770.0702749 524.1935484 0.002458791 0.873698354
L6_19564 773.7141405 518.5834502 -0.001065759 0.871682902
L6_19565 777.3580062 512.973352 -0.004730702 0.868995633
L6_19576 817.4405284 451.2622721 0.000415113 -0.359758146
L6_19738 620.0644721 765.7784011 -0.001195545 0.023177696
L6_19739 623.7083378 760.1683029 0.003152319 0.022505878
L6_19740 627.3522034 754.5582048 0.007018968 0.018474975
L6_19780 773.1068296 530.1542777 0.002728036 0.879072892
L6_19781 776.7506953 524.5441795 -0.001215359 0.875713806
L6_19782 780.3945609 518.9340813 -0.005019141 0.871682902
L6_19793 820.4770831 457.2230014 0.001534213 -0.356399059
L6_19794 824.1209488 451.6129032 -0.002639699 -0.357070877
L6_19955 626.7448925 766.1290323 -0.000777625 0.018474975
L6_19956 630.3887582 760.5189341 0.003021765 0.016459523
L6_19957 634.0326238 754.9088359 0.006779454 0.013772254
L6_19997 779.78725 530.5049088 -0.001135164 0.881088344
L6_19998 783.4311156 524.8948107 -0.004797803 0.878401075
L6_20009 823.5136378 463.1837307 0.00085976 -0.349680887
L6_20010 827.1575035 457.5736325 -0.002675241 -0.351024521
L6_20171 629.7814472 772.0897616 -0.004765287 0.016459523
L6_20172 633.4253129 766.4796634 -0.001034314 0.014444071
L6_20173 637.0691785 760.8695652 0.003447028 0.011756802
L6_20174 640.7130442 755.259467 0.00721825 0.009069533
L6_20213 782.8238047 536.4656381 -0.001169989 0.887134699
L6_20214 786.4676703 530.85554 -0.004609272 0.883775613
L6_20225 826.5501925 469.14446 0.00031739 -0.344978166
L6_20226 830.1940582 463.5343619 -0.002984731 -0.347665435
L6_20387 636.4618676 772.4403927 -0.004337879 0.012428619
L6_20388 640.1057332 766.8302945 -0.000562311 0.00974135
L6_20389 643.7495989 761.2201964 0.003215558 0.007054081
L6_20427 782.2164937 548.0364656 0.002635475 0.893852872
L6_20428 785.8603594 542.4263675 0.001204885 0.891165603
L6_20429 789.504225 536.8162693 -0.004865046 0.888478334
L6_20440 829.5867472 475.1051893 -0.000400471 -0.340275445
L6_20441 833.2306129 469.4950912 -0.003656566 -0.342962714
L6_20603 643.1422879 772.7910238 -0.004563328 0.007725899
L6_20604 646.7861536 767.1809257 -0.000806269 0.005038629
L6_20605 650.4300193 761.5708275 0.003658835 0.003023178
L6_20642 785.2530485 553.997195 0.00184545 0.89922741
L6_20643 788.8969141 548.3870968 -0.001239846 0.895868324
L6_20644 792.5407798 542.7769986 -0.00489872 0.893181055
L6_20654 828.9794363 486.6760168 0.003244676 -0.332885455
L6_20655 832.623302 481.0659187 -0.00042108 -0.335572724
L6_20656 836.2671676 475.4558205 -0.004187868 -0.336244541
L6_20819 649.8227083 773.141655 -0.004127789 0.003023178
L6_20820 653.466574 767.5315568 -0.000475162 0.001007726
L6_20821 657.1104396 761.9214586 0.003412658 -0.001679543
L6_20857 788.2896032 559.9579243 0.000478093 0.903258314
L6_20858 791.9334688 554.3478261 -0.002261832 0.900571045
L6_20859 795.5773345 548.7377279 -0.005160734 0.895868324
L6_20869 832.015991 492.6367461 0.003788047 -0.328182734
L6_20870 835.6598567 487.026648 -0.000443664 -0.330198186
L6_20871 839.3037223 481.4165498 -0.004223911 -0.330870003
L6_21034 656.5031287 773.4922861 -0.004374385 -0.001679543
L6_21035 660.1469943 767.8821879 -0.00060084 -0.003694995
L6_21036 663.79086 762.2720898 0.003179398 -0.006382264
L6_21071 791.3261579 565.9186536 -0.00089261 0.907289217
L6_21072 794.9700235 560.3085554 -0.003527016 0.904601948
L6_21073 798.6138892 554.6984572 -0.006517697 0.900571045
L6_21084 838.6964114 492.9873773 0.000204132 -0.325495465
L6_21246 663.183549 773.8429173 -0.004598843 -0.005710447
L6_21247 666.8274147 768.2328191 -0.000836306 -0.008397716
L6_21248 670.4712803 762.6227209 0.00337703 -0.009069533
L6_21281 790.7188469 577.4894811 0.001830281 0.915351025
L6_21282 794.3627126 571.8793829 -0.001589378 0.912663755
L6_21283 798.0065782 566.2692847 -0.005052001 0.910648304
L6_21294 838.0891004 504.5582048 0.004635031 -0.31944911
L6_21296 845.3768317 493.3380084 -0.002888751 -0.322808196
L6_21439 669.8639694 774.1935484 -0.003161718 -0.012428619
L6_21440 673.5078351 768.5834502 0.001007466 -0.013772254
L6_21473 793.7554016 583.4502104 0.001537994 0.922069197
L6_21474 797.3992673 577.8401122 -0.002168794 0.920053745
L6_21475 801.043133 572.230014 -0.005532807 0.91400739
L6_21487 844.7695208 504.9088359 0.00152574 -0.317433658
L6_21488 848.4133865 499.2987377 -0.002433542 -0.318105475
L6_21614 676.5443898 774.5441795 -0.001736414 -0.015787706
L6_21615 680.1882554 768.9340813 0.00253056 -0.016459523
L6_21647 796.7919564 589.4109397 0.001760393 0.926100101
L6_21648 800.435822 583.8008415 -0.001823982 0.924084649
L6_21649 804.0796877 578.1907433 -0.006001092 0.92139738
L6_21662 851.4499412 505.259467 -0.001521897 -0.313402754
L6_21771 683.2248101 774.8948107 -0.000619831 -0.019818609
L6_21803 799.8285111 595.371669 0.002145242 0.931474639
L6_21804 803.4723767 589.7615708 -0.001799976 0.929459187
L6_21805 807.1162424 584.1514727 -0.005778702 0.925428284
L6_21818 854.4864959 511.2201964 -0.000358756 -0.309371851
L6_21910 689.9052305 775.2454418 0.000510908 -0.02452133
L6_21941 802.8650658 601.3323983 0.001690689 0.935505542
L6_21942 806.5089314 595.7223001 -0.001891527 0.933490091
L6_21943 810.1527971 590.112202 -0.00546933 0.930802822
L6_21956 857.5230506 517.1809257 0.000855629 -0.305340947
L6_21957 861.1669162 511.5708275 -0.003601565 -0.307356399
L6_22037 692.9417852 781.2061711 -0.002826049 -0.026536782
L6_22038 696.5856509 775.5960729 0.000983403 -0.029224051
L6_22067 802.2577548 612.9032258 0.005555042 0.942895532
L6_22068 805.9016205 607.2931276 0.001655914 0.940208263
L6_22069 809.5454861 601.6830295 0.001925423 0.937520994
L6_22070 813.1893518 596.0729313 -0.005842617 0.934833725
L6_22083 860.5596053 523.141655 0.00082207 -0.299966409
L6_22084 864.203471 517.5315568 -0.002991322 -0.301981861
L6_22163 699.6222056 781.5568022 -0.003071842 -0.031239503
L6_22164 703.2660712 775.9467041 0.00072985 -0.033254955
L6_22193 808.9381752 613.2538569 0.001621194 0.944910984
L6_22194 812.5820409 607.6437588 -0.001959396 0.942223715
L6_22195 816.2259065 602.0336606 -0.005874646 0.939536446
L6_22208 863.59616 529.1023843 0.000945629 -0.294591871
L6_22209 867.2400257 523.4922861 -0.002752516 -0.296607323
L6_22287 706.3026259 781.9074334 -0.003303161 -0.035270406
L6_22288 709.9464916 776.2973352 0.000473429 -0.037957676
L6_22289 713.5903573 770.687237 0.002752056 -0.043332214
L6_22316 811.9747299 619.2145863 0.00106783 0.950285522
L6_22317 815.6185956 613.6044881 -0.001993441 0.946926436
L6_22331 866.6327147 535.0631136 0.001163559 -0.290560967
L6_22332 870.2765804 529.4530154 -0.002434273 -0.292576419
L6_22409 712.9830463 782.2580645 -0.003532477 -0.039973127
L6_22410 716.626912 776.6479663 0.001555752 -0.042660396
L6_22411 720.2707776 771.0378682 -0.000183683 -0.0466913
L6_22412 723.9146433 765.42777 0.001283489 -0.052065838
L6_22437 815.0112846 625.1753156 0.00103183 0.954316426
L6_22438 818.6551503 619.5652174 -0.002638004 0.952300974
L6_22452 869.6692694 541.0238429 0.000722832 -0.285186429
L6_22453 873.3131351 535.4137447 -0.00291094 -0.28988915
L6_22532 726.951198 771.3884993 -0.003016729 -0.052737655
L6_22533 730.5950636 765.7784011 -0.000589472 -0.056096742
L6_22534 734.2389293 760.1683029 -0.001909143 -0.058784011
L6_22557 818.0478393 631.1360449 0.000995834 0.960362781
L6_22558 821.691705 625.5259467 -0.002500515 0.956331878
L6_22559 825.3355706 619.9158485 -0.006236043 0.954988243
L6_22572 872.7058242 546.9845722 0.000869511 -0.279811891
L6_22573 876.3496898 541.3744741 -0.002859276 -0.281827343
L6_22652 737.275484 766.1290323 -0.002110269 -0.060799463
L6_22653 740.9193497 760.5189341 0.000794686 -0.064158549
L6_22675 821.0843941 637.0967742 0.001288578 0.965737319
L6_22676 824.7282597 631.486676 -0.002492089 0.963721868
L6_22677 828.3721254 625.8765778 -0.00659415 0.961034599
L6_22690 875.7423789 552.9453015 0.000658231 -0.276452805
L6_22691 879.3862445 547.3352034 -0.002980409 -0.279140074
L6_22769 743.9559044 766.4796634 -0.003605647 -0.063486732
L6_22770 747.59977 760.8695652 0.0002828 -0.068189452
L6_22791 824.1209488 643.0575035 0.00126297 0.971111858
L6_22792 827.7648144 637.4474053 -0.00213028 0.967752771
L6_22793 831.4086801 631.8373072 -0.006303419 0.965065502
L6_22806 878.7789336 558.9060309 0.000822759 -0.271078267
L6_22807 882.4227992 553.2959327 -0.002930505 -0.273093719
L6_22885 754.2801904 761.2201964 -0.001721762 -0.072220356
L6_22886 757.924056 755.6100982 0.000935153 -0.075579442
L6_22905 827.1575035 649.0182328 0.000887867 0.974470944
L6_22906 830.8013691 643.4081346 -0.002584595 0.971783675
L6_22907 834.4452348 637.7980365 -0.006337145 0.97044004
L6_22920 881.8154883 564.8667602 0.000152899 -0.266375546
L6_22921 885.4593539 559.256662 -0.00321667 -0.269062815
L6_22998 760.9606108 761.5708275 -0.003341334 -0.07625126
L6_22999 764.6044764 755.9607293 -0.000697992 -0.080282163
L6_23017 830.1940582 654.9789621 0.000851887 0.979173665
L6_23018 833.8379238 649.368864 -0.002613014 0.976486396
L6_23019 837.4817895 643.7587658 -0.006545658 0.976486396
L6_23032 884.852043 570.8274895 -0.000152683 -0.261672825
L6_23033 888.4959087 565.2173913 -0.003552135 -0.264360094
L6_23109 771.2848968 756.3113604 -0.001776617 -0.08364125
L6_23110 774.9287624 750.7012623 0.000206325 -0.087672153
L6_23126 833.2306129 660.9396914 0.000518473 0.98522002
L6_23127 836.8744786 655.3295933 -0.003161302 0.983204568
L6_23141 887.8885977 576.7882188 -0.000613696 -0.256970104
L6_23142 891.5324634 571.1781206 -0.003757593 -0.261001008
L6_23219 781.6091828 751.0518934 -0.001403279 -0.092374874
L6_23220 785.2530485 745.4417952 0.001572661 -0.096405778
L6_23234 836.2671676 666.9004208 0.000496854 0.991266376
L6_23235 839.9110333 661.2903226 0.003196504 0.987235472
L6_23249 890.9251524 582.7489481 -0.000644011 -0.252267383
L6_23250 894.5690181 577.1388499 -0.004206249 -0.254954652
L6_23326 788.2896032 751.4025245 -0.002755225 -0.095062143
L6_23327 791.9334688 745.7924264 -0.000822614 -0.099093047
L6_23328 795.5773345 740.1823282 0.001102387 -0.103795768
L6_23340 839.3037223 672.8611501 0.000476982 0.995969096
L6_23341 842.947588 667.2510519 -0.003525437 0.993281827
L6_23355 893.9617071 588.7096774 -0.00067489 -0.24823648
L6_23356 897.6055728 583.0995792 -0.004240167 -0.250251931
L6_23432 798.6138892 746.1430575 -0.003291037 -0.10312395
L6_23433 802.2577548 740.5329593 -0.000397727 -0.107154854
L6_23434 805.9016205 734.9228612 0.001397022 -0.11051394
L6_23444 842.340277 678.8218794 -0.000597606 1
L6_23445 845.9841427 673.2117812 0.003557423 0.997312731
L6_23459 896.9982618 594.6704067 -0.000706258 -0.242861942
L6_23460 900.6421275 589.0603086 0.004506731 -0.247564662
L6_23536 808.9381752 740.8835905 -0.002915934 -0.111185757
L6_23537 812.5820409 735.2734923 -0.000432041 -0.114544844
L6_23538 816.2259065 729.6633941 0.001037677 -0.119247565
L6_23561 900.0348166 600.631136 -0.001152834 -0.237487403
L6_23562 903.6786822 595.0210379 -0.004912956 -0.24084649
L6_23638 819.2624612 735.6241234 -0.003220264 -0.119919382
L6_23639 822.9063269 730.0140252 -0.00068414 -0.123278468
L6_23640 826.5501925 724.4039271 0.001114037 -0.126637555
L6_23660 899.4275056 612.2019635 0.001733564 -0.229425596
L6_23661 903.0713713 606.5918654 -0.001418339 -0.234128317
L6_23738 829.5867472 730.3646564 -0.00312001 -0.127309372
L6_23739 833.2306129 724.7545582 -0.001188881 -0.131340275
L6_23740 836.8744786 719.14446 0.000949795 -0.135371179
L6_23758 902.4640603 618.1626928 0.000376278 -0.225394693
L6_23759 906.107926 612.5525947 -0.002657629 -0.227410144
L6_23836 836.2671676 730.7152875 -0.005628852 -0.131340275
L6_23837 839.9110333 725.1051893 -0.003354944 -0.133355727
L6_23838 843.5548989 719.4950912 -0.001449166 -0.138058448
L6_23839 847.1987646 713.884993 0.000543801 -0.142761169
L6_23854 901.8567494 629.7335203 0.002095645 -0.213973799
L6_23855 905.500615 624.1234222 -0.001011543 -0.221363789
L6_23856 909.1444807 618.513324 -0.003838731 -0.223379241
L6_23934 850.2353193 719.8457223 -0.003914356 -0.142089352
L6_23935 853.8791849 714.2356241 -0.002252565 -0.146792073
L6_23936 857.5230506 708.6255259 -0.000528462 -0.150822976
L6_23937 861.1669162 703.0154278 0.001231541 -0.155525697
L6_23948 901.2494384 641.3043478 0.001193699 -0.207927444
L6_23949 904.8933041 635.6942496 -0.000634316 -0.21128653
L6_23950 908.5371697 630.0841515 -0.002377004 -0.217332885
L6_24029 860.5596053 714.5862553 -0.004747155 -0.150822976
L6_24030 864.203471 708.9761571 -0.003054007 -0.154182062
L6_24031 867.8473366 703.3660589 -0.001543539 -0.157541149
L6_24032 871.4912023 697.7559607 -0.000605663 -0.16224387
L6_24033 875.1350679 692.1458626 -0.000133554 -0.166946591
L6_24034 878.7789336 686.5357644 0.000345438 -0.170977494
L6_24035 882.4227992 680.9256662 0.000390976 -0.176352032
L6_24036 886.0666649 675.315568 0.000661901 -0.181054753
L6_24037 889.7105305 669.7054698 0.000277437 -0.185085657
L6_24038 893.3543962 664.0953717 0.0011074 -0.191132012
L6_24039 896.9982618 658.4852735 0.000747793 -0.195834733
L6_24040 900.6421275 652.8751753 -0.000439468 -0.199193819
L6_24041 904.2859932 647.2650771 -0.00154606 -0.20389654
L6_24042 907.9298588 641.654979 -0.003320065 -0.207255626
L6_24122 870.8838913 709.3267882 -0.005915587 -0.157541149
L6_24123 874.527757 703.71669 -0.00439246 -0.160900235
L6_24124 878.1716226 698.1065919 -0.004053046 -0.164259321
L6_24125 881.8154883 692.4964937 -0.003961809 -0.170305677
L6_24126 885.4593539 686.8863955 -0.003026789 -0.17433658
L6_24127 889.1032196 681.2762973 -0.003031683 -0.179039301
L6_24128 892.7470852 675.6661992 -0.003089575 -0.183070205
L6_24129 896.3909509 670.056101 0.002386029 -0.187772926
L6_24130 900.0348166 664.4460028 -0.002879477 -0.191803829
L6_24131 903.6786822 658.8359046 -0.003376549 -0.19650655
