ID row col Width ALBST
L6_2933 250.8194192 270.687237 0.000699442 1
L6_2932 247.1755535 276.2973352 0.000793041 0.995421898
L6_2931 243.5316879 281.9074334 0.000687844 0.990843795
L6_3026 246.5682426 287.8681627 0.004096434 0.988227737
L6_2930 239.8878222 287.5175316 -0.000323958 0.986265693
L6_2929 236.2439566 293.1276297 -0.00050146 0.982341605
L6_3025 242.9243769 293.4782609 0.003887234 0.982341605
L6_3024 239.2805113 299.088359 0.003114924 0.979725546
L6_2928 232.6000909 298.7377279 -0.000312776 0.977763503
L6_3023 235.6366456 304.6984572 0.003508601 0.975147444
L6_2927 228.9562253 304.3478261 -0.000229278 0.9731854
L6_3022 231.99278 310.3085554 0.003375639 0.969915327
L6_2926 225.3123596 309.9579243 -0.000450568 0.969261312
L6_3021 228.3489143 315.9186536 0.00227115 0.965991239
L6_2925 221.668494 315.5680224 -0.00127884 0.964029195
L6_3020 224.7050487 321.5287518 0.001802622 0.961413137
L6_3019 221.061183 327.1388499 0.001540125 0.957489049
L6_3018 217.4173174 332.7489481 0.001048406 0.952910947
L6_3114 220.4538721 338.7096774 0.0047128 0.951602917
L6_3017 213.7734517 338.3590463 0.001022699 0.948986859
L6_3113 216.8100064 344.3197756 0.004091515 0.945716786
L6_3016 210.1295861 343.9691445 0.000639476 0.944408756
L6_3112 213.1661408 349.9298738 0.003884273 0.941792698
L6_3015 206.4857204 349.5792426 -0.000434573 0.939830654
L6_3111 209.5222751 355.5399719 0.002840102 0.93786861
L6_3014 202.8418547 355.1893408 -0.000924562 0.935906566
L6_3110 205.8784095 361.1500701 0.001867235 0.933944522
L6_3109 202.2345438 366.7601683 0.001469818 0.927404376
L6_3108 198.5906781 372.3702665 0.000975892 0.924788318
L6_3107 194.9468125 377.9803647 -0.000667763 0.919556201
L6_3204 191.3029468 383.5904628 -0.001784132 0.916286127
L6_3205 197.9833672 383.941094 0.002605465 0.916286127
L6_3304 201.0199219 389.9018233 0.005252659 0.914978098
L6_3303 194.3395016 389.5511921 0.000947323 0.913016054
L6_3402 190.6956359 395.1612903 -0.00085957 0.909091966
L6_3403 197.3760563 395.5119215 0.00353048 0.908437952
L6_3504 193.7321906 401.1220196 0.001931702 0.905821893
L6_3503 187.0517702 400.7713885 -0.001933974 0.905167879
L6_3606 190.088325 406.7321178 0.000184476 0.901243791
L6_3607 196.7687453 407.0827489 0.004427189 0.901243791
L6_3710 186.4444593 412.342216 -0.002336122 0.897973718
L6_3711 193.1248797 412.6928471 0.002053566 0.897319703
L6_3817 189.481014 418.3029453 0.000371783 0.89404963
L6_3926 192.5175687 424.2636746 0.002959584 0.890125542
L6_3925 185.8371484 423.9130435 -0.001041034 0.889471528
L6_4035 188.8737031 429.8737728 0.001733051 0.887509484
L6_4146 185.2298374 435.483871 0.000350345 0.882931381
L6_4258 181.5859718 441.0939691 -0.001580005 0.879007294
L6_4259 188.2663921 441.4446003 0.002805393 0.879007294
L6_4373 184.6225265 447.0546985 0.00040871 0.875083206
L6_4489 187.6590812 453.0154278 0.00108511 0.871159118
L6_4605 184.0152155 458.6255259 -0.001967396 0.86723503
L6_4606 190.6956359 458.9761571 0.001885866 0.866581016
L6_4724 187.0517702 464.5862553 -0.00133061 0.863964957
L6_4725 193.7321906 464.9368864 0.001917398 0.862002913
L6_4844 190.088325 470.5469846 -0.001608353 0.860040869
L6_4845 196.7687453 470.8976157 0.001796872 0.856770796
L6_4967 199.8053 476.858345 0.001396973 0.852846708
L6_5090 202.8418547 482.8190743 0.000563157 0.848922621
L6_5215 205.8784095 488.7798036 0.000592268 0.844998533
L6_5341 208.9149642 494.740533 0.000178576 0.84042043
L6_5342 215.5953845 495.0911641 0.003556955 0.838458386
L6_5469 211.9515189 500.7012623 -0.000459731 0.837150357
L6_5470 218.6319392 501.0518934 0.003059385 0.833880284
L6_5598 214.9880736 506.6619916 -0.000790852 0.832572255
L6_5599 221.668494 507.0126227 0.002484633 0.830610211
L6_5729 218.0246283 512.6227209 -0.001238244 0.828648167
L6_5730 224.7050487 512.973352 0.002514462 0.826686123
L6_5862 221.061183 518.5834502 -0.001324186 0.82341605
L6_5863 227.7416034 518.9340813 0.002245129 0.821454006
L6_5996 224.0977377 524.5441795 0.001602415 0.819491962
L6_5997 230.7781581 524.8948107 0.001369265 0.816875904
L6_6132 227.1342924 530.5049088 -0.002489284 0.815567874
L6_6133 233.8147128 530.85554 0.000541145 0.812951816
L6_6269 230.1708471 536.4656381 -0.003377722 0.811643787
L6_6270 236.8512675 536.8162693 -0.0001546 0.808373714
L6_6271 243.5316879 537.1669004 0.002602376 0.80641167
L6_6409 239.8878222 542.7769986 -0.00137104 0.80510364
L6_6549 242.9243769 548.7377279 -0.00338286 0.801833567
L6_6410 246.5682426 543.1276297 0.000680907 0.801179553
L6_6411 253.248663 543.4782609 0.003609176 0.798563494
L6_6550 249.6047973 549.088359 0.000757277 0.797255465
L6_6551 256.2852177 549.4389902 0.002244804 0.793985392
L6_6692 252.641352 555.0490884 -0.002043415 0.793331377
L6_6693 259.3217724 555.3997195 0.00094943 0.790715319
L6_6836 262.3583271 561.3604488 -0.000983757 0.787445245
L6_6694 266.0021927 555.7503506 0.002855574 0.786137216
L6_6837 269.0387475 561.7110799 0.00019065 0.783521158
L6_6838 275.7191678 562.0617111 0.002183943 0.780251084
L6_6983 278.7557225 568.0224404 -0.001148362 0.776981011
L6_7129 281.7922772 573.9831697 0.001018504 0.771748894
L6_7130 288.4726976 574.3338008 0.001057131 0.769132836
L6_7277 284.828832 579.943899 -0.003309769 0.768478821
L6_7131 295.153118 574.684432 0.003475605 0.766516777
L6_7278 291.5092523 580.2945302 0.000905436 0.765208748
L6_7279 298.1896727 580.6451613 0.002103034 0.761938675
L6_7427 294.545807 586.2552595 0.002179867 0.760630646
L6_7428 301.2262274 586.6058906 -0.000422982 0.758014587
L6_7579 307.9066478 586.9565217 0.001462101 0.753436485
L6_7731 310.9432025 592.9172511 -0.000915193 0.750166411
L6_7732 314.5870681 587.3071529 0.003239954 0.749512397
L6_7885 317.6236228 593.2678822 0.000628978 0.746242324
L6_8041 324.3040432 593.6185133 0.002167158 0.742972251
L6_8040 320.6601776 599.2286115 -0.002113336 0.742318236
L6_8197 327.3405979 599.5792426 -0.000439471 0.739702177
L6_8357 334.0210183 599.9298738 0.000967334 0.73577809
L6_8517 337.057573 605.8906031 -0.001988436 0.732508016
L6_8518 340.7014387 600.2805049 0.0018368 0.731199987
L6_8680 343.7379934 606.2412342 -0.000829674 0.728583929
L6_8681 347.381859 600.631136 0.002996822 0.727275899
L6_8844 350.4184137 606.5918654 0.000382274 0.724659841
L6_9010 357.0988341 606.9424965 0.000997399 0.720735753
L6_9176 360.1353888 612.9032258 -0.001900816 0.718119695
L6_9177 363.7792545 607.2931276 0.002118533 0.716811665
L6_9344 366.8158092 613.2538569 -0.000792074 0.712887578
L6_9514 373.4962295 613.6044881 0.00096867 0.709617504
L6_9684 376.5327843 619.5652174 -0.001932728 0.706347431
L6_9685 380.1766499 613.9551192 0.002134915 0.705693417
L6_9857 383.2132046 619.9158485 0.000722632 0.702423344
L6_10030 386.2497593 625.8765778 -0.001888402 0.7004613
L6_10031 389.893625 620.2664797 0.002174827 0.69915327
L6_10206 392.9301797 626.227209 -0.000155456 0.695229183
L6_10383 399.6106001 626.5778401 0.003733727 0.691959109
L6_10382 395.9667344 632.1879383 -0.000124825 0.691305095
L6_10561 402.6471548 632.5385694 0.002849953 0.688035022
L6_10740 405.6837095 638.4992987 0.00038733 0.683456919
L6_10922 412.3641299 638.8499299 -0.001233096 0.679532832
L6_10923 416.0079955 633.2398317 0.001151188 0.676916773
L6_11105 419.0445502 639.200561 -0.002747383 0.674954729
L6_11106 422.6884159 633.5904628 0.000944113 0.672338671
L6_11290 425.7249706 639.5511921 -0.002981976 0.670376627
L6_11291 429.3688362 633.941094 0.000733349 0.668414583
L6_11477 432.4053909 639.9018233 -0.003216809 0.666452539
L6_11478 436.0492566 634.2917251 0.000464341 0.66383648
L6_11666 442.729677 634.6423562 0.000905349 0.659258378
L6_11855 445.7662317 640.6030856 -0.003014365 0.657296334
L6_11856 449.4100973 634.9929874 0.00071112 0.65533429
L6_12046 452.446652 640.9537167 -0.002602236 0.653372246
L6_12047 456.0905177 635.3436185 0.001084914 0.650756188
L6_12239 459.1270724 641.3043478 -0.0024841 0.647486115
L6_12240 462.7709381 635.6942496 0.001515418 0.646178085
L6_12433 465.8074928 641.654979 -0.002393723 0.644216042
L6_12434 469.4513584 636.0448808 0.001312309 0.642253998
L6_12629 472.4879131 642.0056101 -0.002639091 0.640291954
L6_12630 476.1317788 636.3955119 0.001052892 0.637675895
L6_12826 479.1683335 642.3562412 -0.002851172 0.635713851
L6_12827 482.8121992 636.7461431 0.000829188 0.633097793
L6_13025 485.8487539 642.7068724 -0.002426366 0.631135749
L6_13026 489.4926195 637.0967742 0.000677545 0.62851969
L6_13225 492.5291742 643.0575035 -0.003321984 0.626557647
L6_13226 496.1730399 637.4474053 0.00037871 0.624595603
L6_13426 499.2095946 643.4081346 -0.003539654 0.622633559
L6_13427 502.8534603 637.7980365 0.000163194 0.6200175
L6_13629 505.890015 643.7587658 -0.003767004 0.618055456
L6_13630 509.5338806 638.1486676 -0.000319979 0.615439398
L6_13834 516.214301 638.4992987 -0.000990529 0.61151531
L6_14040 522.8947214 638.8499299 -0.001865167 0.606937208
L6_14247 529.5751417 639.200561 -0.002686635 0.604321149
L6_14041 526.538587 633.2398317 0.001496239 0.603667134
L6_14248 533.2190074 633.5904628 0.000932919 0.600397061
L6_14456 536.2555621 639.5511921 -0.002981235 0.598435017
L6_14457 539.8994277 633.941094 7.62E-05 0.595818959
L6_14668 546.5798481 634.2917251 -0.000888373 0.591240857
L6_14881 553.2602685 634.6423562 -0.001736503 0.587316769
L6_14882 556.9041341 629.0322581 0.001941959 0.58470071
L6_15095 559.9406888 634.9929874 -0.001957842 0.582738666
L6_15096 563.5845545 629.3828892 0.00173306 0.580122608
L6_15311 566.6211092 635.3436185 -0.002224185 0.578814579
L6_15312 570.2649749 629.7335203 0.000245776 0.57619852
L6_15529 576.9453952 630.0841515 -0.000620747 0.572274432
L6_15747 583.6258156 630.4347826 -0.001644143 0.56769633
L6_15748 587.2696812 624.8246844 0.000904985 0.563772242
L6_15967 590.306236 630.7854137 -0.003136132 0.562464213
L6_15749 590.9135469 619.2145863 0.003849885 0.561156184
L6_15968 593.9501016 625.1753156 -0.000119213 0.559848154
L6_16189 600.630522 625.5259467 -0.001026829 0.555270052
L6_16412 607.3109423 625.8765778 -0.002868511 0.552653993
L6_16190 604.2743876 619.9158485 0.00133283 0.550691949
L6_16413 610.954808 620.2664797 -0.000828823 0.547421876
L6_16414 614.5986737 614.6563815 0.001555072 0.544805818
L6_16637 617.6352284 620.6171108 -0.002377642 0.542843774
L6_16638 621.279094 615.0070126 -0.000182589 0.540227715
L6_16639 624.9229597 609.3969144 0.001842427 0.536957642
L6_16864 627.9595144 615.3576438 -0.002283854 0.536303628
L6_16865 631.60338 609.7475456 -0.001157006 0.533687569
L6_16640 628.5668253 603.7868163 0.003075346 0.531725525
L6_16866 635.2472457 604.1374474 0.00058684 0.529109467
L6_17092 638.2838004 610.0981767 -0.003653545 0.528455452
L6_17093 641.9276661 604.4880785 -0.002058477 0.525185379
L6_16867 638.8911113 598.5273492 0.002125438 0.524531364
L6_17094 645.5715317 598.8779804 0.000291366 0.521261291
L6_17322 648.6080864 604.8387097 -0.004182251 0.521261291
L6_17323 652.2519521 599.2286115 -0.002574461 0.517991218
L6_17095 649.2153974 593.2678822 0.001626517 0.517337203
L6_17324 655.8958177 593.6185133 -0.000410215 0.51406713
L6_17553 658.9323724 599.5792426 -0.00471096 0.51406713
L6_17096 652.859263 587.657784 0.0034802 0.512759101
L6_17554 662.5762381 593.9691445 -0.003094748 0.510797057
L6_17325 659.5396834 588.0084151 0.000714982 0.510143042
L6_17783 669.2566585 594.3197756 -0.006293465 0.508835013
L6_17555 666.2201038 588.3590463 -0.00211864 0.506872969
L6_17326 663.183549 582.398317 0.002075221 0.506218955
L6_17556 669.8639694 582.7489481 0.000588421 0.502948882
L6_17784 672.9005241 588.7096774 -0.004522383 0.502948882
L6_17785 676.5443898 583.0995792 -0.003079436 0.499678808
L6_17557 673.5078351 577.1388499 0.001126755 0.497716764
L6_17786 680.1882554 577.4894811 -0.002167738 0.495100706
L6_17558 677.1517007 571.5287518 0.001545023 0.493792677
L6_18013 686.8686758 577.8401122 -0.005414841 0.491830633
L6_17787 683.8321211 571.8793829 -0.001329112 0.491176618
L6_17559 680.7955664 565.9186536 0.002477863 0.489868589
L6_18014 690.5125414 572.230014 -0.004754384 0.489214574
L6_17788 687.4759867 566.2692847 -0.000886581 0.485944501
L6_17560 684.439432 560.3085554 0.003354299 0.485290487
L6_18015 694.1564071 566.6199158 -0.003604772 0.483328443
L6_17789 691.1198524 560.6591865 0.000236278 0.482020413
L6_18016 697.8002728 561.0098177 -0.003705535 0.479404355
L6_17561 688.0832977 554.6984572 0.003550466 0.47875034
L6_17790 694.763718 555.0490884 -0.000500513 0.477442311
L6_18017 701.4441384 555.3997195 -0.003659471 0.474826252
L6_17562 691.7271633 549.088359 0.003668152 0.474172238
L6_17791 698.4075837 549.4389902 -0.000391774 0.472864209
L6_18018 705.0880041 549.7896213 -0.003794963 0.470902165
L6_17792 702.0514494 543.828892 -0.000543151 0.468286106
L6_18019 708.7318697 544.1795231 -0.00401059 0.466978077
L6_17564 699.0148946 537.8681627 0.002709399 0.465016033
L6_17793 705.695315 538.2187938 -0.001117956 0.464362018
L6_17565 702.6587603 532.2580645 0.001996313 0.462399974
L6_18020 712.3757354 538.569425 -0.00477882 0.461091945
L6_17794 709.3391807 532.6086957 -0.002198817 0.459783916
L6_17566 706.3026259 526.6479663 -0.000303614 0.455859828
L6_17795 712.9830463 526.9985975 -0.004567015 0.455859828
L6_17337 703.2660712 520.687237 0.001799692 0.45193574
L6_17567 709.9464916 521.0378682 -0.002581182 0.45193574
L6_17338 706.9099369 515.0771388 -0.000597247 0.448011653
L6_17568 713.5903573 515.42777 -0.004972082 0.448011653
L6_17110 703.8733822 509.1164095 0.002046271 0.444087565
L6_17339 710.5538025 509.4670407 -0.001926194 0.44343355
L6_17111 707.5172478 503.5063114 0.001022081 0.440163477
L6_17340 714.1976682 503.8569425 -0.003400638 0.440163477
L6_17112 711.1611135 497.8962132 -0.001415029 0.436239389
L6_16886 708.1245588 491.9354839 0.001227292 0.431661287
L6_17113 714.8049791 492.286115 -0.003148093 0.431661287
L6_16887 711.7684244 486.3253857 -0.00117599 0.427737199
L6_17114 718.4488448 486.6760168 -0.00517649 0.42642917
L6_16888 715.4122901 480.7152875 -0.002239442 0.424467126
L6_15568 719.0561557 411.2903226 -0.002051953 0.370183912
L6_15351 712.3757354 410.9396914 0.001654623 0.368221868
L6_15352 716.019601 405.3295933 -0.001714098 0.366259824
L6_15136 709.3391807 404.9789621 0.002168751 0.363643765
L6_15353 719.6634667 399.7194951 -0.005015376 0.361027707
L6_15137 712.9830463 399.368864 -0.000686697 0.360373692
L6_15138 716.626912 393.7587658 -0.003030178 0.357103619
L6_14924 709.9464916 393.4081346 0.001369293 0.356449604
L6_14925 713.5903573 387.7980365 -0.001303763 0.353179531
L6_15139 720.2707776 388.1486676 -0.00543779 0.353179531
L6_14712 706.9099369 387.4474053 0.002690918 0.351871502
L6_14926 717.2342229 382.1879383 -0.004472868 0.350563473
L6_14713 710.5538025 381.8373072 -0.000377501 0.348601429
L6_14927 720.8780886 376.5778401 -0.007679823 0.347947414
L6_14503 707.5172478 375.8765778 0.000973095 0.344023327
L6_14714 714.1976682 376.227209 -0.003402597 0.344023327
L6_14715 717.8415339 370.6171108 -0.005787912 0.340753253
L6_14295 704.4806931 369.9158485 0.002956205 0.340099239
L6_14504 711.1611135 370.2664797 -0.001424104 0.340099239
L6_14505 714.8049791 364.6563815 0.003803187 0.336175151
L6_14716 721.4853995 365.0070126 0.008165635 0.336175151
L6_14296 708.1245588 364.3057504 0.000606466 0.335521136
L6_14297 711.7684244 358.6956522 -0.002001487 0.332905078
L6_14506 718.4488448 359.0462833 -0.006211082 0.332905078
L6_14090 705.0880041 358.345021 0.001917809 0.331597049
L6_14091 708.7318697 352.7349229 -0.000509082 0.327672961
L6_14298 715.4122901 353.085554 -0.004848069 0.327672961
L6_13885 702.0514494 352.3842917 0.003246169 0.327018946
L6_14092 712.3757354 347.1248247 -0.003987085 0.325710917
L6_13886 705.695315 346.7741935 -0.000478125 0.323748873
L6_13887 709.3391807 341.1640954 -0.003390222 0.321132814
L6_13683 702.6587603 340.8134642 0.000885633 0.318516756
L6_13684 706.3026259 335.2033661 -0.002830342 0.316554712
L6_13481 699.6222056 334.8527349 0.000609984 0.313284639
L6_13482 703.2660712 329.2426367 -0.0028337 0.310014566
L6_13281 696.5856509 328.8920056 0.000927698 0.309360551
L6_13282 700.2295165 323.2819074 -0.002392444 0.306744493
L6_13082 693.5490962 322.9312763 0.001579814 0.303474419
L6_13083 697.1929618 317.3211781 -0.002264173 0.302820405
L6_12884 690.5125414 316.970547 0.001161589 0.299550332
L6_12885 694.1564071 311.3604488 -0.002326218 0.296934273
L6_12688 687.4759867 311.0098177 0.000996748 0.294972229
L6_12689 691.1198524 305.3997195 -0.002656212 0.293010185
L6_12493 684.439432 305.0490884 0.001021139 0.290394127
L6_12494 688.0832977 299.4389902 -0.002621407 0.288432083
L6_12300 681.4028773 299.088359 0.000811896 0.28516201
L6_12301 685.046743 293.4782609 -0.00304558 0.284507995
L6_12108 678.3663226 293.1276297 0.000422757 0.280583907
L6_12109 682.0101883 287.5175316 -0.003656909 0.278621864
L6_11918 675.3297679 287.1669004 -0.000585992 0.276005805
L6_11919 678.9736335 281.5568022 -0.004361794 0.274697776
L6_11728 668.6493475 286.8162693 0.00249262 0.273389747
L6_11729 672.2932132 281.2061711 0.001446278 0.271427703
L6_11541 665.6127928 280.85554 0.001515194 0.267503615
L6_11542 669.2566585 275.2454418 0.002789617 0.266195586
L6_11355 662.5762381 274.8948107 0.000285557 0.263579527
L6_11356 666.2201038 269.2847125 -0.003734361 0.262925512
L6_11170 655.8958177 274.5441795 0.003081315 0.259001425
L6_11171 659.5396834 268.9340813 -0.000781388 0.25834741
L6_10988 652.859263 268.5834502 0.001451142 0.255731352
L6_10989 656.5031287 262.973352 -0.002568725 0.254423322
L6_10807 649.8227083 262.6227209 -0.000272632 0.250499234
L6_10808 653.466574 257.0126227 -0.004378686 0.24984522
L6_10627 643.1422879 262.2720898 0.002387728 0.247229161
L6_10628 646.7861536 256.6619916 -0.001835546 0.244613103
L6_10449 640.1057332 256.3113604 0.001506778 0.242651059
L6_10450 643.7495989 250.7012623 -0.002343937 0.24134303
L6_10273 637.0691785 250.3506311 0.00065053 0.238072957
L6_10274 640.7130442 244.740533 -0.003190562 0.234802883
L6_10098 634.0326238 244.3899018 0.000255893 0.232840839
L6_9925 630.9960691 238.4291725 0.000373338 0.228916752
L6_9753 627.9595144 232.4684432 0.000348653 0.224338649
L6_9583 624.9229597 226.5077139 -0.000684126 0.219760547
L6_9414 621.886405 220.5469846 -0.000651044 0.21452843
L6_9247 618.8498502 214.5862553 0.000287863 0.210604342
L6_9248 622.4937159 208.9761571 -0.003014272 0.206680254
L6_9081 615.8132955 208.6255259 0.000813847 0.20602624
L6_9082 619.4571612 203.0154278 -0.001738835 0.200794123
L6_8432 607.3109423 179.1725105 0.000793346 0.177249596
L6_8273 604.2743876 173.2117812 -0.002004982 0.173979523
L6_8272 600.630522 178.8218794 0.001861303 0.172017479
L6_8116 597.5939673 172.8611501 -0.000398936 0.168747406
L6_7960 590.9135469 172.5105189 0.000989518 0.164169303
L6_7807 587.8769922 166.5497896 -0.002018632 0.160245216
L6_7806 584.2331265 172.1598878 0.00207223 0.158283172
L6_7654 581.1965718 166.1991585 -0.001836297 0.156321128
L6_7653 577.5527062 171.8092567 0.002436691 0.155667113
L6_7503 574.5161515 165.8485273 -0.001442239 0.151743025
L6_7502 570.8722858 171.4586255 0.002655755 0.150434996
L6_7353 567.8357311 165.4978962 -0.000637641 0.145856894
L6_7352 564.1918654 171.1079944 0.003343059 0.143240835
L6_7203 557.5114451 170.7573633 0.004402701 0.141278791
L6_7204 561.1553107 165.1472651 0.000139978 0.141278791
L6_7057 554.4748904 164.7966339 0.001125321 0.137354704
L6_6911 547.79447 164.4460028 0.000955212 0.131468572
L6_6767 541.1140496 164.0953717 0.001372432 0.126236455
L6_6625 538.0774949 158.1346424 -0.002528508 0.123620396
L6_6624 534.4336293 163.7447405 0.001533471 0.122312367
L6_6484 531.3970746 157.7840112 0.002119275 0.117734265
L6_6483 527.7532089 163.3941094 0.002147303 0.11708025
L6_6344 524.7166542 157.4333801 -0.000414329 0.113156162
L6_6206 518.0362338 157.0827489 0.001362354 0.106616016
L6_6070 514.9996791 151.1220196 -0.001882241 0.103999957
L6_6069 511.3558135 156.7321178 0.001835842 0.102037914
L6_5935 508.3192587 150.7713885 0.001472424 0.09876784
L6_5934 504.6753931 156.3814867 0.002375166 0.097459811
L6_5801 501.6388384 150.4207574 -0.000446439 0.094843753
L6_5800 497.9949727 156.0308555 0.003290255 0.09157368
L6_5669 494.958418 150.0701262 5.33E-05 0.089611636
L6_5539 488.2779976 149.7194951 0.000666633 0.085033533
L6_5410 481.5975773 149.368864 0.001281698 0.080455431
L6_5283 474.9171569 149.0182328 0.001321065 0.074569299
L6_5157 468.2367365 148.6676017 0.001751507 0.069337182
L6_5033 461.5563162 148.3169705 0.002188668 0.065413094
L6_4911 458.5197615 142.3562412 0.001119984 0.062797036
L6_4910 454.8758958 147.9663394 0.002595314 0.060180977
L6_4790 451.8393411 142.0056101 -0.001308585 0.058218933
L6_4789 448.1954755 147.6157083 0.002368179 0.05494886
L6_4670 445.1589207 141.654979 -0.001537196 0.052332802
L6_4669 441.5150551 147.2650771 0.002158833 0.050370758
L6_4552 438.4785004 141.3043478 -0.001152291 0.047754699
L6_4551 434.8346347 146.914446 0.002562388 0.045138641
L6_4435 431.79808 140.9537167 -0.001344799 0.043176597
L6_4434 428.1542144 146.5638149 0.002982713 0.042522582
L6_4319 425.1176596 140.6030856 -0.000916837 0.03794448
L6_4318 421.473794 146.2131837 0.002772852 0.034674407
L6_4205 418.4372393 140.2524544 -0.001178151 0.032712363
L6_4204 414.7933736 145.8625526 0.002529778 0.030750319
L6_4092 411.7568189 139.9018233 -0.001381424 0.02813426
L6_4091 408.1129533 145.5119215 0.002298036 0.025518202
L6_3980 401.4325329 145.1612903 0.002086793 0.020286085
L6_3871 398.3959782 139.200561 -0.001205017 0.018324041
L6_3870 394.7521125 144.8106592 0.002497494 0.016361997
L6_3763 391.7155578 138.8499299 -0.001418429 0.013745939
L6_3762 388.0716922 144.4600281 0.002263395 0.010475865
L6_3657 385.0351374 138.4992987 -0.001635657 0.008513822
L6_3656 381.3912718 144.1093969 0.002049628 0.005897763
L6_3553 378.3547171 138.1486676 -0.001879188 0.003935719
L6_3552 374.7108514 143.7587658 0.001814156 0.001973675
L6_3449 368.0304311 143.4081346 0.000267667 -0.003258442
L6_3448 364.3865654 149.0182328 0.002172303 -0.007836544
L6_3347 357.706145 148.6676017 -0.000290164 -0.011760632
L6_3346 354.0622794 154.2776999 0.001086719 -0.016338734
L6_3246 347.381859 153.9270687 -0.000254256 -0.020262822
L6_3245 343.7379934 159.5371669 0.00201133 -0.02418691
L6_3146 337.057573 159.1865358 0.000127676 -0.028110998
L6_3145 333.4137073 164.7966339 0.002649607 -0.031381071
L6_3049 330.3771526 158.8359046 -0.001436683 -0.0326891
L6_3048 326.733287 164.4460028 0.000561321 -0.035959173
L6_3047 323.0894213 170.056101 0.002121931 -0.039229246
L6_2952 320.0528666 164.0953717 -0.001998111 -0.039883261
L6_2951 316.409001 169.7054698 0.000329632 -0.043807349
L6_3046 319.4455557 175.6661992 0.004337141 -0.043807349
L6_2950 312.7651353 175.315568 0.002225421 -0.047077422
L6_2857 309.7285806 169.3548387 -0.001739058 -0.048385451
L6_2856 306.0847149 174.9649369 0.001286291 -0.051655524
L6_2764 303.0481602 169.0042076 -0.002686429 -0.052963554
L6_2855 302.4408493 180.5750351 0.003765958 -0.055579612
L6_2763 299.4042946 174.6143058 -0.000365438 -0.056887641
L6_2672 292.7238742 174.2636746 -0.001872307 -0.0595037
L6_2762 295.7604289 180.2244039 0.002166658 -0.060157715
L6_2854 298.7969836 186.1851332 0.006500253 -0.060157715
L6_2671 289.0800086 179.8737728 9.77E-05 -0.064735817
L6_2761 292.1165633 185.8345021 0.004326117 -0.064735817
L6_2670 285.4361429 185.483871 0.003079263 -0.068659905
L6_2581 282.3995882 179.5231417 -0.001000617 -0.069967934
L6_2580 278.7557225 185.1332398 0.00148013 -0.072583993
L6_2493 275.7191678 179.1725105 -0.002509963 -0.073892022
L6_2579 275.1118569 190.743338 0.003825966 -0.075854066
L6_2492 272.0753022 184.7826087 -0.000150465 -0.077162095
L6_2491 268.4314365 190.3927069 0.001590101 -0.080432168
L6_2405 265.3948818 184.4319776 -0.002347786 -0.082394212
L6_2404 261.7510162 190.0420757 0.000840084 -0.085664285
L6_2490 264.7875709 196.002805 0.005021644 -0.086972314
L6_2319 255.0705958 189.6914446 -0.001524698 -0.088934358
L6_2403 258.1071505 195.6521739 0.002215374 -0.090242388
L6_2489 261.1437052 201.6129032 0.006561035 -0.090242388
L6_2318 251.4267301 195.3015428 0.000341735 -0.093512461
L6_2402 254.4632848 201.2622721 0.004120077 -0.094166475
L6_2488 257.4998396 207.2230014 0.008482135 -0.094166475
L6_2234 244.7463098 194.9509116 -0.002479747 -0.097436548
L6_2317 247.7828645 200.911641 0.001709592 -0.098090563
L6_2401 250.8194192 206.8723703 0.00588574 -0.100052607
L6_2233 241.1024441 200.5610098 -0.001109186 -0.101360636
L6_2316 244.1389988 206.5217391 0.002694823 -0.102014651
L6_2400 247.1755535 212.4824684 0.007065282 -0.102014651
L6_2150 234.4220237 200.2103787 -0.003886801 -0.103976695
L6_2232 237.4585785 206.171108 0.000320115 -0.105938739
L6_2315 240.4951332 212.1318373 0.003993149 -0.107246768
L6_2399 243.5316879 218.0925666 0.008236073 -0.107246768
L6_2149 230.7781581 205.8204769 -0.002536864 -0.109208812
L6_2231 233.8147128 211.7812062 0.001292149 -0.110516841
L6_2314 236.8512675 217.7419355 0.0054322 -0.110516841
L6_2230 230.1708471 217.3913043 0.00297231 -0.1131329
L6_2148 227.1342924 211.430575 -0.001172228 -0.113786914
L6_2068 220.4538721 211.0799439 -0.003925947 -0.115748958
L6_2313 233.2074019 223.3520337 0.007206453 -0.116402973
L6_2147 223.4904268 217.0406732 0.000321847 -0.117711002
L6_2229 226.5269815 223.0014025 0.003951503 -0.119019031
L6_2146 219.8465611 222.6507714 0.001736545 -0.12032706
L6_2228 222.8831158 228.6115007 0.005939314 -0.12032706
L6_2067 216.8100064 216.6900421 -0.002300413 -0.12163509
L6_2066 213.1661408 222.3001403 0.000579608 -0.124251148
L6_2145 216.2026955 228.2608696 0.003486105 -0.125559178
L6_2065 209.5222751 227.9102384 0.000686343 -0.128829251
L6_1987 206.4857204 221.9495091 -0.003448369 -0.129483265
L6_2144 212.5588298 233.8709677 0.004833824 -0.130791295
L6_2064 205.8784095 233.5203366 0.002609608 -0.132753338
L6_1986 202.8418547 227.5596073 -0.0015994 -0.133407353
L6_1985 199.1979891 233.1697055 0.000170546 -0.136677426
L6_1909 196.1614344 227.2089762 -0.003973712 -0.137331441
L6_1908 192.5175687 232.8190743 -0.003031608 -0.137985455
L6_2063 202.2345438 239.1304348 0.003988957 -0.139293485
L6_1984 195.5541234 238.7798036 0.000625652 -0.141255529
L6_2062 198.5906781 244.740533 0.004315851 -0.142563558
L6_1983 191.9102578 244.3899018 0.001672565 -0.145179616
L6_1907 188.8737031 238.4291725 -0.00244879 -0.145833631
L6_2061 194.9468125 250.3506311 0.005690119 -0.147795675
L6_1906 185.2298374 244.0392707 -0.001377723 -0.149757719
L6_1982 188.2663921 250 0.002459002 -0.150411733
L6_2060 191.3029468 255.9607293 0.006640756 -0.151065748
L6_1905 181.5859718 249.6493689 -0.000354836 -0.153681807
L6_1981 184.6225265 255.6100982 0.003344791 -0.154989836
L6_1829 174.9055514 249.2987377 -0.003609773 -0.156297865
L6_2059 187.6590812 261.5708275 0.007522508 -0.15695188
L6_1904 177.9421061 255.259467 0.000639092 -0.158259909
L6_1828 171.2616857 254.9088359 -0.002546934 -0.159567938
L6_1980 180.9786608 261.2201964 0.004441238 -0.160875968
L6_2058 184.0152155 267.1809257 0.008415303 -0.160875968
L6_1903 174.2982405 260.8695652 0.001021933 -0.162838011
L6_1827 167.6178201 260.5189341 -0.002743342 -0.164800055
L6_1979 177.3347952 266.8302945 0.004537759 -0.16545407
L6_1902 170.6543748 266.4796634 0.001058132 -0.166762099
L6_1978 173.6909295 272.4403927 0.005431961 -0.166762099
L6_1826 163.9739544 266.1290323 -0.001442313 -0.169378158
L6_1901 167.0105091 272.0897616 0.001896558 -0.171340202
L6_1825 160.3300888 271.7391304 -0.001754476 -0.173302245
L6_1900 163.3666435 277.6998597 0.001426477 -0.175918304
L6_1977 170.0470639 278.0504909 0.005431069 -0.175918304
L6_1824 156.6862231 277.3492286 -0.002208655 -0.177880348
L6_1976 166.4031982 283.6605891 0.005144983 -0.180496406
L6_1899 159.7227778 283.3099579 0.001415447 -0.181150421
L6_1975 162.7593325 289.2706872 0.005568405 -0.181804436
L6_1823 153.0423575 282.9593268 -0.001474281 -0.184420494
L6_1898 156.0789122 288.9200561 0.002101637 -0.186382538
L6_1822 149.3984918 288.569425 -0.001724571 -0.187036553
L6_1974 159.1154669 294.8807854 0.005632115 -0.189652611
L6_1897 152.4350465 294.5301543 0.001880883 -0.190306626
L6_1973 155.4716012 300.4908836 0.005994614 -0.19096064
L6_1896 145.7546262 294.1795231 -0.001201385 -0.193576699
L6_1972 148.7911809 300.1402525 0.002847311 -0.194884728
L6_2050 151.8277356 306.1009818 0.006490759 -0.196192758
L6_1971 142.1107605 299.7896213 -0.00059763 -0.196846772
L6_2049 145.1473152 305.7503506 0.002944079 -0.199462831
L6_2128 148.1838699 311.7110799 0.006526796 -0.20077086
L6_2048 138.4668949 305.3997195 -0.000525063 -0.201424875
L6_2127 141.5034496 311.3604488 0.003076781 -0.204694948
L6_2126 134.8230292 311.0098177 -0.000769783 -0.205348962
L6_2208 137.8595839 316.970547 0.00269668 -0.207311006
L6_2207 131.1791635 316.6199158 -0.001050178 -0.210581079
L6_2290 134.2157183 322.5806452 0.002137137 -0.213197138
L6_2289 127.5352979 322.230014 -0.001502555 -0.215159182
L6_2373 130.5718526 328.1907433 0.001853563 -0.217121226
L6_2372 123.8914322 327.8401122 -0.002035736 -0.21777524
L6_2458 126.927987 333.8008415 0.001267641 -0.222353343
L6_2544 123.2841213 339.4109397 0.000326743 -0.225623416
L6_2545 129.9645417 339.7615708 0.004582064 -0.225623416
L6_2633 126.320676 345.371669 0.003584358 -0.22758546
L6_2632 119.6402556 345.0210379 -0.00023568 -0.229547504
L6_2722 122.6768104 350.9817672 0.002488936 -0.232817577
L6_2721 115.99639 350.631136 -0.001332412 -0.233471591
L6_2813 119.0329447 356.5918654 0.001688688 -0.236741665
L6_2905 115.389079 362.2019635 0.00091803 -0.241319767
L6_2999 111.7452134 367.8120617 -0.000829803 -0.245243855
L6_3000 118.4256338 368.1626928 0.003550039 -0.245243855
L6_3095 114.7817681 373.772791 0.001174739 -0.249167943
L6_3192 111.1379024 379.3828892 -0.001243318 -0.252438016
L6_3193 117.8183228 379.7335203 0.003156069 -0.25309203
L6_3290 107.4940368 384.9929874 -0.002946969 -0.256362103
L6_3291 114.1744572 385.3436185 0.001439774 -0.256362103
L6_3391 117.2110119 391.3043478 0.00351322 -0.259632177
L6_3390 110.5305915 390.9537167 -0.000308489 -0.260286191
L6_3491 106.8867259 396.5638149 -0.002056014 -0.264210279
L6_3492 113.5671462 396.914446 0.002333637 -0.264210279
L6_3594 109.9232806 402.5245442 -0.000314977 -0.268134367
L6_3595 116.6037009 402.8751753 0.004319689 -0.268134367
L6_3698 106.2794149 408.1346424 -0.00243491 -0.27140444
L6_3699 112.9598353 408.4852735 0.00196162 -0.27140444
L6_3805 109.3159696 414.0953717 -0.000451693 -0.275328528
L6_3806 115.99639 414.4460028 0.00393256 -0.275328528
L6_3913 105.672104 419.7054698 -0.002837054 -0.279252615
L6_3914 112.3525243 420.056101 0.001539023 -0.279252615
L6_4023 108.7086587 425.6661992 -0.000872316 -0.283176703
L6_4024 115.389079 426.0168303 0.003470798 -0.285138747
L6_4135 111.7452134 431.6269285 0.000545044 -0.287100791
L6_4247 108.1013477 437.2370266 -0.002554484 -0.290370864
L6_4248 114.7817681 437.5876578 0.001839196 -0.291024879
L6_4362 111.1379024 443.197756 -0.001224688 -0.294294952
L6_4363 117.8183228 443.5483871 0.003165065 -0.294948967
L6_4477 107.4940368 448.8078541 -0.003603173 -0.29821904
L6_4478 114.1744572 449.1584853 0.000775074 -0.29821904
L6_4594 110.5305915 454.7685835 -0.001691447 -0.301489113
L6_4595 117.2110119 455.1192146 0.002101496 -0.302143128
L6_4713 113.5671462 460.7293128 -0.001051514 -0.305413201
L6_4714 120.2475666 461.0799439 0.002778463 -0.306067215
L6_4832 109.9232806 466.3394109 -0.003980458 -0.309337288
L6_4833 116.6037009 466.6900421 0.000443829 -0.309991303
L6_4834 123.2841213 467.0406732 0.004542827 -0.311953347
L6_4954 112.9598353 472.3001403 -0.002649608 -0.313261376
L6_4955 119.6402556 472.6507714 0.001096796 -0.313915391
L6_5077 115.99639 478.2608696 -0.00132145 -0.317185464
L6_5078 122.6768104 478.6115007 0.002418074 -0.317839479
L6_5201 112.3525243 483.8709677 -0.004348365 -0.321109552
L6_5202 119.0329447 484.2215989 0.000146522 -0.321109552
L6_5203 125.7133651 484.57223 0.004059983 -0.323071596
L6_5327 115.389079 489.8316971 -0.003017618 -0.32503364
L6_5328 122.0694994 490.1823282 0.000880474 -0.325687654
L6_5455 118.4256338 495.7924264 -0.00205158 -0.327649698
L6_5456 125.1060541 496.1430575 0.002033558 -0.328957727
L6_5584 121.4621885 501.7531557 -0.001525189 -0.331573786
L6_5585 128.1426088 502.1037868 0.002137256 -0.33353583
L6_5715 124.4987432 507.713885 -0.0010872 -0.336151888
L6_5716 131.1791635 508.0645161 0.00273356 -0.336805903
L6_5848 127.5352979 513.6746143 -0.000371019 -0.340729991
L6_5849 134.2157183 514.0252454 0.003470216 -0.341384005
L6_5982 130.5718526 519.6353436 0.000443569 -0.344654078
L6_6117 126.927987 525.2454418 -0.002667989 -0.347924152
L6_6118 133.6084073 525.5960729 0.001084586 -0.348578166
L6_6254 129.9645417 531.2061711 -0.001989808 -0.351848239
L6_6255 136.644962 531.5568022 0.00175396 -0.352502254
L6_6393 133.0010964 537.1669004 -0.001513768 -0.355118313
L6_6394 139.6815167 537.5175316 0.002003917 -0.357080356
L6_6533 136.0376511 543.1276297 -0.001480207 -0.3590424
L6_6534 142.7180715 543.4782609 0.002424894 -0.361658459
L6_6675 139.0742058 549.088359 -0.001260823 -0.363620503
L6_6676 145.7546262 549.4389902 0.002459889 -0.365582547
L6_6818 142.1107605 555.0490884 -0.000899439 -0.366890576
L6_6819 148.7911809 555.3997195 0.002691328 -0.36885262
L6_6963 145.1473152 561.0098177 -0.000864389 -0.371468678
L6_6964 151.8277356 561.3604488 0.002723379 -0.373430722
L6_7109 148.1838699 566.970547 -0.000534108 -0.376046781
L6_6966 165.1885763 562.0617111 0.010419821 -0.379316854
L6_7110 154.8642903 567.3211781 0.003049272 -0.379316854
L6_7257 151.2204246 572.9312763 -0.000794302 -0.379970868
L6_7111 161.5447107 567.6718093 0.006585823 -0.380624883
L6_7258 157.900845 573.2819074 0.002787701 -0.381932912
L6_7406 154.2569794 578.8920056 -0.001142147 -0.384548971
L6_7407 160.9373997 579.2426367 0.002203997 -0.387165029
L6_7556 157.2935341 584.8527349 -0.001647371 -0.387819044
L6_7557 163.9739544 585.2033661 0.001745667 -0.390435103
L6_7708 160.3300888 590.8134642 -0.00182541 -0.392397146
L6_7709 167.0105091 591.1640954 0.001780637 -0.39435919
L6_7861 163.3666435 596.7741935 -0.001795141 -0.396321234
L6_7862 170.0470639 597.1248247 0.001456031 -0.397629263
L6_8016 166.4031982 602.7349229 -0.002466527 -0.398937293
L6_8017 173.0836186 603.085554 0.000927327 -0.402207366
L6_8173 176.1201733 609.0462833 0.000628677 -0.406785468
L6_8174 182.8005936 609.3969144 0.00390403 -0.410055541
L6_8332 179.156728 615.0070126 0.000102605 -0.410709556
L6_8333 185.8371484 615.3576438 0.003019549 -0.413979629
L6_8492 182.1932827 620.9677419 -0.001340451 -0.414633644
L6_8493 188.8737031 621.3183731 0.001646589 -0.417903717
L6_8654 185.2298374 626.9284712 -0.002636397 -0.418557732
L6_8655 191.9102578 627.2791024 0.000475117 -0.421827805
L6_8656 198.5906781 627.6297335 0.003378952 -0.423789849
L6_8818 194.9468125 633.2398317 0.000706434 -0.426405907
L6_8819 201.6272329 633.5904628 0.00233147 -0.429021966
L6_8983 197.9833672 639.200561 -0.00195213 -0.42967598
L6_8984 204.6637876 639.5511921 0.001042258 -0.432946053
L6_8985 211.3442079 639.9018233 0.00398762 -0.436216127
L6_9150 207.7003423 645.5119215 -0.000387946 -0.436216127
L6_9317 210.736897 651.4726508 -0.002416735 -0.4394862
L6_9151 214.3807626 645.8625526 0.001664231 -0.440140214
L6_9318 217.4173174 651.8232819 0.000398224 -0.444064302
L6_9319 224.0977377 652.173913 0.0027424 -0.446680361
L6_9487 220.4538721 657.7840112 -0.001543974 -0.447334375
L6_9488 227.1342924 658.1346424 0.00093308 -0.450604448
L6_9489 233.8147128 658.4852735 0.003392397 -0.453874522
L6_9658 230.1708471 664.0953717 -0.000898487 -0.454528536
L6_9659 236.8512675 664.4460028 0.001158836 -0.457798609
L6_9830 233.2074019 670.056101 -0.002707522 -0.458452624
L6_9831 239.8878222 670.4067321 -0.000774495 -0.461722697
L6_9660 243.5316879 664.7966339 0.003547454 -0.462376712
L6_10004 242.9243769 676.3674614 -0.002587122 -0.46499277
L6_9832 246.5682426 670.7573633 0.001513068 -0.465646785
L6_10005 249.6047973 676.7180926 -0.000536069 -0.468262843
L6_10180 252.641352 682.6788219 -0.002564843 -0.471532917
L6_10006 256.2852177 677.0687237 0.001517203 -0.472186931
L6_10181 259.3217724 683.029453 -0.000443989 -0.476111019
L6_10007 262.965638 677.4193548 0.003869608 -0.476765034
L6_10357 262.3583271 688.9901823 -0.002821878 -0.478727078
L6_10182 266.0021927 683.3800842 0.001245811 -0.480035107
L6_10358 269.0387475 689.3408135 -0.001078983 -0.48330518
L6_10183 272.6826131 683.7307153 0.003001206 -0.483959195
L6_10536 272.0753022 695.3015428 -0.003688713 -0.485921238
L6_10359 275.7191678 689.6914446 0.000511809 -0.486575253
L6_10537 278.7557225 695.6521739 -0.001741902 -0.489845326
L6_10360 282.3995882 690.0420757 0.002491044 -0.490499341
L6_10538 285.4361429 696.002805 -0.000715194 -0.493769414
L6_10361 289.0800086 690.3927069 0.00362454 -0.494423429
L6_10539 292.1165633 696.3534362 0.000843846 -0.497693502
L6_10718 295.153118 702.3141655 -0.001936406 -0.50161759
L6_10540 298.7969836 696.7040673 0.002217713 -0.502271604
L6_10719 301.8335383 702.6647966 0.000244772 -0.505541677
L6_10900 304.8700931 708.6255259 -0.001752325 -0.509465765
L6_10901 311.5505134 708.9761571 0.001215191 -0.512081824
L6_11083 314.5870681 714.9368864 -0.001108768 -0.516659926
L6_11084 321.2674885 715.2875175 0.001393392 -0.520584014
L6_11268 324.3040432 721.2482468 -0.000934686 -0.523854087
L6_11085 327.9479089 715.6381487 0.002852918 -0.525816131
L6_11092 371.6742967 712.1318373 -0.001410431 -0.555246789
L6_11277 378.3547171 712.4824684 0.002443849 -0.559170877
L6_11464 385.0351374 712.8330996 -0.004638775 -0.561786935
L6_11278 381.9985827 706.8723703 -0.000570544 -0.56244095
L6_11279 385.6424484 701.2622721 0.001160308 -0.565711023
L6_11465 388.6790031 707.2230014 -0.002769872 -0.567673067
L6_11653 395.3594235 707.5736325 -0.005057052 -0.568327082
L6_11466 392.3228688 701.6129032 -0.000953524 -0.569635111
L6_11280 389.286314 695.6521739 0.003351956 -0.570289126
L6_11467 395.9667344 696.002805 0.00196033 -0.572905184
L6_11654 399.0032891 701.9635344 -0.001938196 -0.574867228
L6_11655 402.6471548 696.3534362 0.001746207 -0.577483287
L6_11844 405.6837095 702.3141655 -0.002177361 -0.57944533
L6_11845 409.3275751 696.7040673 0.00151678 -0.581407374
L6_12035 412.3641299 702.6647966 -0.002408633 -0.583369418
L6_12036 416.0079955 697.0546985 0.001272266 -0.585985477
L6_12228 419.0445502 703.0154278 -0.00262631 -0.587947521
L6_12229 422.6884159 697.4053296 0.00106266 -0.590563579
L6_12422 425.7249706 703.3660589 -0.002861126 -0.592525623
L6_12230 426.3322815 691.7952314 0.004081439 -0.593833652
L6_12423 429.3688362 697.7559607 0.000289246 -0.595141682
L6_12618 432.4053909 703.71669 -0.004351888 -0.595141682
L6_12424 433.0127019 692.1458626 0.002520676 -0.59775774
L6_12619 436.0492566 698.1065919 -0.001378118 -0.599719784
L6_12815 439.0858113 704.0673212 -0.005276445 -0.601681828
L6_12620 439.6931223 692.4964937 0.001846995 -0.602989857
L6_12816 442.729677 698.457223 -0.002267976 -0.604297886
L6_12817 446.3735426 692.8471248 0.001429049 -0.60625993
L6_13014 445.7662317 704.4179523 -0.006161376 -0.60625993
L6_13015 449.4100973 698.8078541 -0.002655664 -0.60756796
L6_13016 453.053963 693.197756 -0.000134064 -0.610838033
L6_13215 456.0905177 699.1584853 -0.004028175 -0.612800077
L6_13017 456.6978286 687.5876578 0.003254914 -0.61476212
L6_13216 459.7343834 693.5483871 -0.00102746 -0.615416135
L6_13217 463.378249 687.9382889 0.002667912 -0.617378179
L6_13416 462.7709381 699.5091164 -0.004913356 -0.617378179
L6_13417 466.4148037 693.8990182 -0.001271269 -0.619340223
L6_13620 473.0952241 694.2496494 -0.001636401 -0.623264311
L6_13621 476.7390897 688.6395512 0.000291016 -0.627188398
L6_13825 483.4195101 688.9901823 -0.001598773 -0.631112486
L6_13826 487.0633758 683.3800842 0.001060259 -0.634382559
L6_14031 490.0999305 689.3408135 -0.002839708 -0.636344603
L6_14032 493.7437961 683.7307153 0.000846873 -0.638960662
L6_14033 497.3876618 678.1206171 0.004506355 -0.640922706
L6_14238 496.7803508 689.6914446 -0.003071634 -0.640922706
L6_14239 500.4242165 684.0813464 0.000661779 -0.64288475
L6_14447 503.4607712 690.0420757 -0.003311332 -0.644846793
L6_14240 504.0680821 678.4712482 0.004270131 -0.645500808
L6_14448 507.1046369 684.4319776 0.000377746 -0.647462852
L6_14658 510.1411916 690.3927069 -0.003528118 -0.649424896
L6_14449 510.7485025 678.8218794 0.004043928 -0.65007891
L6_14659 513.7850572 684.7826087 0.00019994 -0.652040954
L6_14660 517.4289229 679.1725105 0.003821573 -0.654002998
L6_14871 516.8216119 690.743338 -0.003758039 -0.654002998
L6_14872 520.4654776 685.1332398 -0.000316655 -0.655965042
L6_14873 524.1093432 679.5231417 0.003582659 -0.658581101
L6_15085 523.5020323 691.0939691 -0.003998829 -0.658581101
L6_15086 527.145898 685.483871 -0.000330531 -0.660543145
L6_15301 530.1824527 691.4446003 -0.004285222 -0.661851174
L6_15087 530.7897636 679.8737728 0.002702114 -0.663159203
L6_15302 533.8263183 685.8345021 -0.001205156 -0.665121247
L6_15518 536.862873 691.7952314 -0.005431145 -0.665121247
L6_15303 537.470184 680.2244039 0.001841142 -0.667083291
L6_15519 540.5067387 686.1851332 -0.002107955 -0.669699349
L6_15736 543.5432934 692.1458626 -0.005992072 -0.671007379
L6_15304 541.1140496 674.6143058 0.005186018 -0.671661393
L6_15520 544.1506043 680.5750351 0.000937139 -0.671661393
L6_15737 547.1871591 686.5357644 -0.002968981 -0.673623437
L6_15521 547.79447 674.9649369 0.004602997 -0.674277452
L6_15956 550.2237138 692.4964937 -0.006866419 -0.675585481
L6_15738 550.8310247 680.9256662 0.000711268 -0.676239496
L6_15739 554.4748904 675.315568 0.004382735 -0.67820154
L6_15957 553.8675794 686.8863955 -0.003196947 -0.67820154
L6_15958 557.5114451 681.2762973 0.000571068 -0.680817598
L6_15959 561.1553107 675.6661992 0.004143644 -0.682779642
L6_16178 560.5479998 687.2370266 -0.003437825 -0.682779642
L6_16179 564.1918654 681.6269285 0.00027437 -0.684741686
L6_16401 567.2284202 687.5876578 -0.004220529 -0.684741686
L6_16402 570.8722858 681.9775596 -0.001381361 -0.688011759
L6_16180 567.8357311 676.0168303 0.002714055 -0.688665774
L6_16626 577.5527062 682.3281907 -0.003286353 -0.692589861
L6_16403 574.5161515 676.3674614 0.001054954 -0.693243876
L6_16404 578.1600171 670.7573633 0.004084117 -0.694551905
L6_16627 581.1965718 676.7180926 0.000224768 -0.696513949
L6_16852 584.2331265 682.6788219 -0.003717161 -0.698475993
L6_16628 584.8404375 671.1079944 0.003288094 -0.700438037
L6_16853 587.8769922 677.0687237 -0.000703575 -0.701746066
L6_17079 590.9135469 683.029453 -0.004976616 -0.701746066
L6_16854 591.5208578 671.4586255 0.001691379 -0.704362125
L6_17080 594.5574126 677.4193548 -0.002254963 -0.706324169
L6_17309 601.2378329 677.769986 -0.002867292 -0.708940227
L6_17081 598.2012782 671.8092567 0.001410804 -0.709594242
L6_17310 604.8816986 672.1598878 0.000554866 -0.712864315
L6_17539 607.9182533 678.1206171 -0.003349385 -0.714826359
L6_17540 611.5621189 672.5105189 0.00042953 -0.717442417
L6_17768 614.5986737 678.4712482 -0.00358789 -0.719404461
L6_17769 618.2425393 672.8611501 -0.000585116 -0.721366505
L6_17995 621.279094 678.8218794 -0.004539357 -0.722674534
L6_17996 624.9229597 673.2117812 -0.001916804 -0.724636578
L6_17770 621.886405 667.2510519 0.002267838 -0.725290593
L6_18220 631.60338 673.5624123 -0.002885707 -0.728560666
L6_17997 628.5668253 667.601683 0.001309546 -0.729214681
L6_18221 635.2472457 667.9523142 0.000164682 -0.732484754
L6_18443 638.2838004 673.9130435 -0.003871669 -0.734446798
L6_18444 641.9276661 668.3029453 -0.000853457 -0.737062856
L6_18662 644.9642208 674.2636746 -0.004750607 -0.7390249
L6_18445 645.5715317 662.6928471 0.002356067 -0.740332929
L6_18663 648.6080864 668.6535764 -0.001754304 -0.741640959
L6_18664 652.2519521 663.0434783 0.001940617 -0.743603002
L6_18881 651.6446411 674.6143058 -0.005638674 -0.743603002
L6_18882 655.2885068 669.0042076 -0.001973835 -0.745565046
L6_18883 658.9323724 663.3941094 0.001704864 -0.748181105
L6_19100 661.9689272 669.3548387 -0.002194208 -0.750143149
L6_18884 662.5762381 657.7840112 0.004810347 -0.752105193
L6_19101 665.6127928 663.7447405 0.000859129 -0.753413222
L6_19102 669.2566585 658.1346424 0.004493181 -0.755375266
L6_19319 668.6493475 669.7054698 -0.003085979 -0.755375266
L6_19320 672.2932132 664.0953717 0.000621942 -0.75733731
L6_19537 675.3297679 670.056101 -0.00331379 -0.759299354
L6_19321 675.9370788 658.4852735 0.0038508 -0.761261397
L6_19538 678.9736335 664.4460028 -0.000292202 -0.761915412
L6_19322 679.5809445 652.8751753 0.007280958 -0.762569427
L6_19755 682.0101883 670.4067321 -0.004190102 -0.763877456
L6_19539 682.6174992 658.8359046 0.003137635 -0.7658395
L6_19756 685.6540539 664.7966339 -0.001196609 -0.766493515
L6_19540 686.2613649 653.2258065 0.005850026 -0.767801544
L6_19757 689.2979196 659.1865358 0.001850334 -0.768455558
L6_19973 692.3344743 665.1472651 -0.002069949 -0.770417602
L6_19758 692.9417852 653.5764376 0.005509265 -0.771071617
L6_19974 695.9783399 659.5371669 0.001610791 -0.773033661
L6_20190 699.0148946 665.4978962 -0.002287696 -0.774995705
L6_19975 699.6222056 653.9270687 0.004880205 -0.776957749
L6_20191 702.6587603 659.887798 0.000760863 -0.777611763
L6_20192 706.3026259 654.2776999 0.003281902 -0.780881836
L6_20407 709.3391807 660.2384292 -0.000839779 -0.781535851
L6_20408 712.9830463 654.628331 0.002205149 -0.78415191
L6_20623 716.019601 660.5890603 -0.001819856 -0.785459939
L6_20624 719.6634667 654.9789621 0.000703111 -0.788730012
L6_22671 806.5089314 659.5371669 -0.000441333 -0.849553372
L6_22787 809.5454861 665.4978962 -0.002306907 -0.851515416
L6_22788 813.1893518 659.887798 0.001386951 -0.85347746
L6_22902 816.2259065 665.8485273 -0.001310687 -0.856093519
L6_23014 819.2624612 671.8092567 -0.005110252 -0.857401548
L6_22903 819.8697722 660.2384292 0.002461596 -0.858055563
L6_23015 822.9063269 666.1991585 -0.001439586 -0.860017607
L6_23016 826.5501925 660.5890603 0.002250118 -0.862633665
L6_23124 825.9428816 672.1598878 -0.005091661 -0.863941694
L6_23125 829.5867472 666.5497896 -0.001049001 -0.864595709
L6_23126 833.2306129 660.9396914 0.002774789 -0.865903738
L6_23233 832.623302 672.5105189 -0.004265096 -0.866557753
L6_23234 836.2671676 666.9004208 -0.000614264 -0.868519797
L6_23127 836.8744786 655.3295933 0.006979085 -0.869173811
L6_23340 839.3037223 672.8611501 -0.004491687 -0.870481841
L6_23235 839.9110333 661.2903226 0.003080747 -0.871135855
L6_23341 842.947588 667.2510519 -0.000818924 -0.873097899
L6_23445 845.9841427 673.2117812 -0.004716622 -0.875059943
L6_23446 849.6280083 667.601683 -0.001493647 -0.876367972
L6_23342 846.5914536 661.6409537 0.002703248 -0.877021987
L6_23447 853.271874 661.9915849 0.001975566 -0.879638045
L6_23548 852.6645631 673.5624123 -0.005604238 -0.879638045
L6_23549 856.3084287 667.9523142 -0.001941365 -0.881600089
L6_23650 862.9888491 668.3029453 -0.003426472 -0.884216148
L6_23550 859.9522944 662.342216 0.000809068 -0.884870162
L6_23551 863.59616 656.7321178 0.003565511 -0.887486221
L6_23651 866.6327147 662.6928471 -0.000512864 -0.88879425
L6_23749 869.6692694 668.6535764 -0.004688654 -0.88879425
L6_23750 873.3131351 663.0434783 -0.002018607 -0.891410309
L6_23847 876.3496898 669.0042076 -0.00629645 -0.891410309
L6_23652 870.2765804 657.0827489 0.001965713 -0.892064323
L6_23653 873.920446 651.4726508 0.004326974 -0.894680382
L6_23751 876.9570007 657.4333801 0.000371643 -0.895988411
L6_23848 879.9935555 663.3941094 -0.003761049 -0.896642426
L6_23752 880.6008664 651.8232819 0.002880825 -0.899258484
L6_23849 883.6374211 657.7840112 -0.001190623 -0.900566514
L6_23944 886.6739758 663.7447405 -0.005084317 -0.901874543
L6_24038 893.3543962 664.0953717 -0.007153084 -0.901874543
L6_23850 887.2812868 652.173913 0.00128346 -0.903836587
L6_23945 890.3178415 658.1346424 -0.00283815 -0.904490601
L6_23851 890.9251524 646.5638149 0.003805505 -0.907760675
L6_23946 893.9617071 652.5245442 -0.000343972 -0.908414689
L6_24039 896.9982618 658.4852735 -0.004672812 -0.908414689
L6_23947 897.6055728 646.914446 0.002034418 -0.911030748
L6_24040 900.6421275 652.8751753 -0.002165491 -0.911684762
L6_24131 903.6786822 658.8359046 0.006448121 -0.914954835
L6_23948 901.2494384 641.3043478 0.004734151 -0.91560885
L6_24041 904.2859932 647.2650771 0.000515762 -0.91560885
L6_24132 907.3225479 653.2258065 -0.003740099 -0.916262865
L6_24133 910.9664135 647.6157083 -0.001664502 -0.918878923
L6_24042 907.9298588 641.654979 0.002572752 -0.919532938
L6_24222 914.0029682 653.5764376 -0.005647341 -0.921494982
L6_24134 914.6102792 642.0056101 0.00132903 -0.922803011
L6_24223 917.6468339 647.9663394 -0.002808756 -0.923457026
L6_24310 920.6833886 653.9270687 -0.00717871 -0.923457026
L6_24135 918.2541448 636.3955119 0.003697733 -0.92541907
L6_24224 921.2906995 642.3562412 -0.000300715 -0.926727099
L6_24311 924.3272542 648.3169705 -0.004136931 -0.928689143
L6_24225 924.9345652 636.7461431 0.003436366 -0.929343157
L6_24312 927.9711199 642.7068724 -0.000785565 -0.930651187
